start	7	2016	1	3	0
	494	245	277.875397	48.018642	1.001703e+05	2016	1	3	0
	501	244	281.812897	47.457024	1.000891e+05	2016	1	3	6
	506	242	284.625397	46.333782	1.001850e+05	2016	1	3	12
	516	243	290.250397	46.895401	1.001936e+05	2016	1	3	18
	528	241	297.000427	45.772160	1.004060e+05	2016	1	4	0
	535	243	300.937927	46.895401	1.002092e+05	2016	1	4	6
	541	244	304.312927	47.457024	1.002335e+05	2016	1	4	12
start	21	2016	1	9	18
	479	222	269.437866	35.101357	1.004827e+05	2016	1	9	18
	483	224	271.687866	36.224598	1.002679e+05	2016	1	10	0
	488	227	274.500397	37.909462	9.994638e+04	2016	1	10	6
	494	233	277.875397	41.279190	9.934318e+04	2016	1	10	12
	499	238	280.687897	44.087296	9.852343e+04	2016	1	10	18
	503	242	282.937897	46.333782	9.814244e+04	2016	1	11	0
	506	249	284.625397	50.265125	9.769716e+04	2016	1	11	6
	507	254	285.187897	53.073231	9.741338e+04	2016	1	11	12
	508	261	285.750397	57.004574	9.748767e+04	2016	1	11	18
	507	269	285.187897	61.497532	9.787721e+04	2016	1	12	0
	517	262	290.812897	57.566193	9.821455e+04	2016	1	12	6
	511	267	287.437897	60.374290	9.836872e+04	2016	1	12	12
	519	266	291.937897	59.812672	9.825592e+04	2016	1	12	18
	511	269	287.437897	61.497532	9.811670e+04	2016	1	13	0
	499	272	280.687897	63.182388	9.837023e+04	2016	1	13	6
	490	271	275.625397	62.620770	9.861772e+04	2016	1	13	12
	481	270	270.562866	62.059151	9.874505e+04	2016	1	13	18
	475	267	267.187866	60.374290	9.900653e+04	2016	1	14	0
	473	265	266.062866	59.251053	9.945080e+04	2016	1	14	6
	469	262	263.812866	57.566193	1.002012e+05	2016	1	14	12
	470	257	264.375366	54.758091	1.006270e+05	2016	1	14	18
start	16	2016	1	12	0
	482	244	271.125366	47.457024	1.008790e+05	2016	1	12	0
	486	237	273.375366	43.525673	1.003368e+05	2016	1	12	6
	494	238	277.875397	44.087296	9.998944e+04	2016	1	12	12
	496	240	279.000397	45.210537	9.964852e+04	2016	1	12	18
	503	240	282.937897	45.210537	9.975203e+04	2016	1	13	0
	517	237	290.812897	43.525673	9.955670e+04	2016	1	13	6
	530	239	298.125427	44.648918	9.866159e+04	2016	1	13	12
	528	243	297.000427	46.895401	9.774298e+04	2016	1	13	18
	529	245	297.562927	48.018642	9.753899e+04	2016	1	14	0
	541	250	304.312927	50.826748	9.765745e+04	2016	1	14	6
	540	254	303.750427	53.073231	9.673120e+04	2016	1	14	12
	539	257	303.187927	54.758091	9.629190e+04	2016	1	14	18
	536	259	301.500427	55.881332	9.671428e+04	2016	1	15	0
	532	259	299.250427	55.881332	9.694498e+04	2016	1	15	6
	531	258	298.687927	55.319714	9.774897e+04	2016	1	15	12
	531	256	298.687927	54.196472	9.871226e+04	2016	1	15	18
start	15	2016	1	13	0
	415	241	233.437820	45.772160	9.980095e+04	2016	1	13	0
	417	245	234.562820	48.018642	9.962396e+04	2016	1	13	6
	421	246	236.812836	48.580265	1.000584e+05	2016	1	13	12
	436	252	245.250336	51.949989	9.993467e+04	2016	1	13	18
	446	249	250.875351	50.265125	9.983595e+04	2016	1	14	0
	450	248	253.125351	49.703506	9.976484e+04	2016	1	14	6
	456	245	256.500366	48.018642	9.974284e+04	2016	1	14	12
	464	241	261.000366	45.772160	9.973723e+04	2016	1	14	18
	473	236	266.062866	42.964054	9.966684e+04	2016	1	15	0
	477	236	268.312866	42.964054	9.961479e+04	2016	1	15	6
	484	238	272.250366	44.087296	9.958044e+04	2016	1	15	12
	486	239	273.375366	44.648918	9.951965e+04	2016	1	15	18
	491	239	276.187897	44.648918	9.945615e+04	2016	1	16	0
	496	240	279.000397	45.210537	9.915579e+04	2016	1	16	6
	499	241	280.687897	45.772160	9.931663e+04	2016	1	16	12
start	9	2016	1	15	12
	487	214	273.937866	30.608383	1.002319e+05	2016	1	15	12
	494	219	277.875397	33.416492	9.980784e+04	2016	1	15	18
	502	222	282.375397	35.101357	9.933627e+04	2016	1	16	0
	507	227	285.187897	37.909462	9.842488e+04	2016	1	16	6
	514	230	289.125397	39.594326	9.798239e+04	2016	1	16	12
	522	234	293.625397	41.840813	9.727885e+04	2016	1	16	18
	529	236	297.562927	42.964054	9.728616e+04	2016	1	17	0
	538	238	302.625427	44.087296	9.714859e+04	2016	1	17	6
	548	241	308.250427	45.772160	9.735270e+04	2016	1	17	12
start	11	2016	1	17	0
	475	209	267.187866	27.800276	1.001908e+05	2016	1	17	0
	486	210	273.375366	28.361897	9.989354e+04	2016	1	17	6
	497	213	279.562897	30.046762	9.989764e+04	2016	1	17	12
	507	218	285.187897	32.854870	9.921494e+04	2016	1	17	18
	517	223	290.812897	35.662975	9.851463e+04	2016	1	18	0
	527	227	296.437927	37.909462	9.790254e+04	2016	1	18	6
	539	232	303.187927	40.717567	9.735371e+04	2016	1	18	12
	548	235	308.250427	42.402431	9.746088e+04	2016	1	18	18
	557	238	313.312927	44.087296	9.793252e+04	2016	1	19	0
	565	243	317.812927	46.895401	9.759402e+04	2016	1	19	6
	571	246	321.187958	48.580265	9.765347e+04	2016	1	19	12
start	14	2016	1	21	6
	462	219	259.875366	33.416492	1.012198e+05	2016	1	21	6
	466	211	262.125366	28.923519	1.012100e+05	2016	1	21	12
	472	215	265.500366	31.170004	1.011473e+05	2016	1	21	18
	477	215	268.312866	31.170004	1.007749e+05	2016	1	22	0
	483	217	271.687866	32.293247	1.004126e+05	2016	1	22	6
	485	220	272.812866	33.978111	1.000958e+05	2016	1	22	12
	487	221	273.937866	34.539734	1.002185e+05	2016	1	22	18
	500	219	281.250397	33.416492	9.975980e+04	2016	1	23	0
	505	224	284.062897	36.224598	9.897891e+04	2016	1	23	6
	506	226	284.625397	37.347839	9.857140e+04	2016	1	23	12
	507	226	285.187897	37.347839	9.834462e+04	2016	1	23	18
	509	226	286.312897	37.347839	9.840973e+04	2016	1	24	0
	524	232	294.750397	40.717567	9.849073e+04	2016	1	24	6
	526	233	295.875397	41.279190	9.869349e+04	2016	1	24	12
start	8	2016	1	24	18
	456	229	256.500366	39.032703	1.002475e+05	2016	1	24	18
	459	225	258.187866	36.786221	9.982373e+04	2016	1	25	0
	464	225	261.000366	36.786221	1.000571e+05	2016	1	25	6
	469	226	263.812866	37.347839	1.002052e+05	2016	1	25	12
	474	229	266.625366	39.032703	1.003837e+05	2016	1	25	18
	479	233	269.437866	41.279190	1.003893e+05	2016	1	26	0
	486	237	273.375366	43.525673	1.002984e+05	2016	1	26	6
	495	241	278.437897	45.772160	1.000577e+05	2016	1	26	12
start	9	2016	1	27	6
	446	264	250.875351	58.689434	9.958844e+04	2016	1	27	6
	463	254	260.437866	53.073231	9.967941e+04	2016	1	27	12
	471	249	264.937866	50.265125	9.947995e+04	2016	1	27	18
	479	246	269.437866	48.580265	9.927965e+04	2016	1	28	0
	485	246	272.812866	48.580265	9.894819e+04	2016	1	28	6
	489	245	275.062897	48.018642	9.913819e+04	2016	1	28	12
	494	244	277.875397	47.457024	9.929871e+04	2016	1	28	18
	499	243	280.687897	46.895401	9.958909e+04	2016	1	29	0
	501	241	281.812897	45.772160	9.972251e+04	2016	1	29	6
start	11	2016	1	29	6
	511	221	287.437897	34.539734	9.965542e+04	2016	1	29	6
	518	226	291.375397	37.347839	9.856137e+04	2016	1	29	12
	527	233	296.437927	41.279190	9.702702e+04	2016	1	29	18
	532	238	299.250427	44.087296	9.602128e+04	2016	1	30	0
	539	242	303.187927	46.333782	9.644930e+04	2016	1	30	6
	547	247	307.687927	49.141884	9.716089e+04	2016	1	30	12
	550	248	309.375427	49.703506	9.738634e+04	2016	1	30	18
	555	249	312.187927	50.265125	9.774862e+04	2016	1	31	0
	573	257	322.312958	54.758091	9.758351e+04	2016	1	31	6
	579	260	325.687958	56.442951	9.712900e+04	2016	1	31	12
	592	261	333.000458	57.004574	9.626202e+04	2016	1	31	18
