1990 5e-9_10_5 001 0 0 126 518 707
1990 5e-9_10_5 011 0 0 126 522 713
1990 5e-9_10_5 014 0 0 136 517 716
1990 5e-9_10_5 003 0 0 125 531 720
1990 5e-9_10_5 007 0 0 135 521 721
1990 5e-9_10_5 005 0 0 126 541 730
1990 5e-9_10_5 010 0 0 134 540 737
1990 5e-9_10_5 016 0 0 131 544 738
1990 5e-9_10_5 008 0 0 138 541 745
1990 5e-9_10_5 015 0 0 136 548 747
1990 5e-9_10_5 002 0 0 127 560 750
1990 5e-9_10_5 004 0 0 135 553 753
1990 5e-9_10_5 013 0 0 153 539 754
1990 5e-9_10_5 018 0 0 135 557 756
1990 5e-9_10_5 012 0 0 137 555 756
1990 5e-9_10_5 009 0 0 138 557 760
1990 5e-9_10_5 017 0 0 142 553 760
1990 5e-9_10_5 006 0 0 144 563 773
1990 5e-9_10_5 022 0 0 125 537 703
1990 5e-9_10_5 032 0 0 107 535 687
1990 5e-9_10_5 019 0 0 127 581 742
1990 5e-9_10_5 020 0 0 139 560 740
1990 5e-9_10_10 001 0 0 116 520 683
1990 5e-9_10_5 023 0 0 158 536 738
1990 5e-9_10_5 031 0 0 113 555 714
1990 5e-9_10_5 033 0 0 113 557 716
1990 5e-9_10_5 021 0 0 165 554 757
1990 5e-9_10_5 024 0 0 180 544 745
1990 5e-9_10_5 026 0 0 163 541 742
1990 5e-9_10_5 028 0 0 163 539 736
1990 5e-9_10_5 025 0 0 165 555 752
1990 5e-9_10_5 030 0 0 180 519 744
1990 5e-9_10_5 034 0 0 157 542 743
1990 5e-9_10_5 035 0 0 159 542 747
1990 5e-9_10_5 029 0 0 184 547 773
1990 5e-9_10_5 027 0 0 172 574 788
1990 5e-9_10_10 002 0 0 130 565 715
1990 5e-9_10_10 007 0 0 146 528 709
1990 5e-9_10_10 003 0 0 138 540 725
1990 5e-9_10_10 005 0 0 137 547 717
1990 5e-9_10_10 004 0 0 136 562 729
1990 5e-9_10_10 010 0 0 126 550 717
1990 5e-9_10_10 008 0 0 134 551 722
1990 5e-9_10_10 014 0 0 136 523 702
1990 5e-9_10_10 011 0 0 129 530 720
1990 5e-9_10_10 006 0 0 141 570 743
1990 5e-9_10_10 013 0 0 139 545 725
1990 5e-9_10_10 009 0 0 132 569 741
1990 5e-9_10_10 012 0 0 132 563 734
1990 5e-9_10_10 016 0 0 129 551 727
1990 5e-9_10_10 015 0 0 133 553 736
1990 5e-9_10_10 017 0 0 128 558 736
1990 5e-9_10_10 018 0 0 129 562 724
1990 5e-9_10_10 019 0 0 135 586 751
1990 5e-9_10_10 020 0 0 133 557 725
1990 5e-9_10_10 022 0 0 155 534 725
1990 5e-9_10_10 032 0 0 104 535 687
1990 5e-9_10_10 023 0 0 177 532 744
1990 5e-9_10_10 031 0 0 112 557 719
1990 5e-9_10_12 001 0 0 121 521 687
1990 5e-9_10_10 026 0 0 161 540 747
1990 5e-9_10_10 021 0 0 182 554 771
1990 5e-9_10_10 030 0 0 164 521 734
1990 5e-9_10_10 028 0 0 166 538 748
1990 5e-9_10_10 024 0 0 187 543 764
1990 5e-9_10_10 033 0 0 113 556 714
1990 5e-9_10_10 025 0 0 170 553 769
1990 5e-9_10_10 029 0 0 169 548 761
1990 5e-9_10_10 034 0 0 156 539 739
1990 5e-9_10_10 035 0 0 155 541 742
1990 5e-9_10_10 027 0 0 173 575 794
1990 5e-9_10_12 002 0 0 126 557 729
1990 5e-9_10_12 003 0 0 121 527 678
1990 5e-9_10_12 004 0 0 131 552 714
1990 5e-9_10_12 005 0 0 132 540 712
1990 5e-9_10_12 011 0 0 116 523 680
1990 5e-9_10_12 007 0 0 139 519 694
1990 5e-9_10_12 014 0 0 125 518 686
1990 5e-9_10_12 010 0 0 118 542 699
1990 5e-9_10_12 008 0 0 125 544 704
1990 5e-9_10_12 006 0 0 137 565 730
1990 5e-9_10_12 013 0 0 128 540 709
1990 5e-9_10_12 012 0 0 122 554 717
1990 5e-9_10_12 016 0 0 120 544 708
1990 5e-9_10_12 009 0 0 137 556 733
1990 5e-9_10_12 015 0 0 122 546 711
1990 5e-9_10_12 017 0 0 122 552 732
1990 5e-9_10_12 018 0 0 124 554 721
1990 5e-9_10_12 019 0 0 128 575 742
1990 5e-9_10_12 020 0 0 138 556 726
1990 5e-9_10_12 021 0 0 175 550 748
1990 5e-9_10_12 022 0 0 137 533 699
1990 5e-9_10_12 023 0 0 166 533 725
1990 5e-9_10_12 032 0 0 106 535 684
1990 5e-9_10_12 024 0 0 180 542 745
1990 5e-9_10_12 026 0 0 160 541 739
1990 5e-9_10_12 030 0 0 163 518 723
1990 5e-9_10_12 033 0 0 111 555 709
1990 5e-9_10_12 031 0 0 125 555 722
1990 5e-9_10_12 028 0 0 181 538 756
1990 5e-9_10_12 029 0 0 164 548 751
1990 5e-9_10_15 001 0 0 116 520 693
1990 5e-9_10_12 034 0 0 152 541 735
1990 5e-9_10_12 025 0 0 182 552 782
1990 5e-9_10_15 003 0 0 114 530 680
1990 5e-9_10_12 027 0 0 172 575 788
1990 5e-9_10_12 035 0 0 154 539 735
1990 5e-9_10_15 002 0 0 121 557 717
1990 5e-9_10_15 005 0 0 122 534 688
1990 5e-9_10_15 004 0 0 129 547 708
1990 5e-9_10_15 007 0 0 133 519 683
1990 5e-9_10_15 011 0 0 130 522 684
1990 5e-9_10_15 010 0 0 121 541 692
1990 5e-9_10_15 008 0 0 126 543 703
1990 5e-9_10_15 009 0 0 122 555 710
1990 5e-9_10_15 014 0 0 125 517 686
1990 5e-9_10_15 006 0 0 137 564 746
1990 5e-9_10_15 012 0 0 123 556 718
1990 5e-9_10_15 013 0 0 125 539 707
1990 5e-9_10_15 016 0 0 119 542 703
1990 5e-9_10_15 017 0 0 119 552 714
1990 5e-9_10_15 015 0 0 132 544 737
1990 5e-9_10_15 018 0 0 120 554 719
1990 5e-9_10_15 020 0 0 122 557 722
1990 5e-9_10_15 019 0 0 140 578 762
1990 5e-9_10_15 021 0 0 166 550 761
1990 5e-9_10_15 022 0 0 130 534 699
1990 5e-9_10_15 023 0 0 169 536 734
1990 5e-9_10_15 032 0 0 105 539 687
1990 5e-9_10_15 024 0 0 183 545 758
1990 5e-9_10_15 030 0 0 163 524 731
1990 5e-9_10_15 031 0 0 111 560 716
1990 5e-9_10_15 033 0 0 111 559 712
1990 5e-9_10_20 001 0 0 120 520 684
1990 5e-9_10_15 025 0 0 164 557 759
1990 5e-9_10_15 028 0 0 164 540 745
1990 5e-9_10_15 026 0 0 177 542 757
1990 5e-9_10_15 029 0 0 168 553 763
1990 5e-9_10_15 035 0 0 151 538 735
1990 5e-9_10_15 034 0 0 164 539 749
1990 5e-9_10_20 003 0 0 116 529 689
1990 5e-9_10_15 027 0 0 191 574 807
1990 5e-9_10_20 002 0 0 122 557 721
1990 5e-9_10_20 004 0 0 120 553 718
1990 5e-9_10_20 005 0 0 120 537 676
1990 5e-9_10_20 006 0 0 130 563 727
1990 5e-9_10_20 007 0 0 125 520 694
1990 5e-9_10_20 008 0 0 137 541 711
1990 5e-9_10_20 011 0 0 128 523 690
1990 5e-9_10_20 014 0 0 138 519 699
1990 5e-9_10_20 010 0 0 136 542 711
1990 5e-9_10_20 012 0 0 121 555 717
1990 5e-9_10_20 013 0 0 141 540 723
1990 5e-9_10_20 009 0 0 137 559 730
1990 5e-9_10_20 015 0 0 122 547 727
1990 5e-9_10_20 016 0 0 137 543 721
1990 5e-9_10_20 017 0 0 120 550 713
1990 5e-9_10_20 020 0 0 126 559 728
1990 5e-9_10_20 019 0 0 124 577 742
1990 5e-9_10_20 018 0 0 137 553 749
1990 5e-9_10_20 022 0 0 129 531 703
1990 5e-9_10_20 021 0 0 167 548 758
2026 5e-9_10_5 004 0 0 70 304 395
2026 5e-9_10_5 002 0 0 69 329 416
2026 5e-9_10_5 001 0 0 73 347 434
2026 5e-9_10_5 003 0 0 78 349 442
2026 5e-9_10_5 005 0 0 74 338 427
1990 5e-9_10_20 023 0 0 165 529 714
1990 5e-9_10_20 024 0 0 176 541 738
1990 5e-9_10_20 032 0 0 104 535 680
1990 5e-9_10_20 025 0 0 172 551 745
1990 5e-9_10_20 026 0 0 161 541 728
1990 5e-9_10_20 030 0 0 158 519 713
1990 5e-9_10_20 033 0 0 107 554 702
1990 5e-9_10_20 031 0 0 113 557 711
1990 5e-9_10_20 028 0 0 172 536 739
1990 5e-9_10_20 029 0 0 162 549 745
1990 5e-9_10_20 034 0 0 150 539 726
1990 5e-9_10_20 027 0 0 182 575 785
1990 5e-9_10_20 035 0 0 150 542 734
2026 5e-9_10_5 008 0 0 73 321 407
2026 5e-9_10_5 006 0 0 76 342 431
2026 5e-9_10_5 010 0 0 77 317 410
2026 5e-9_10_5 009 0 0 81 329 422
2026 5e-9_10_5 007 0 0 84 374 473
2026 5e-9_10_5 011 0 0 77 335 425
2026 5e-9_10_5 012 0 0 73 313 398
2026 5e-9_10_5 014 0 0 72 298 387
2026 5e-9_10_5 013 0 0 75 339 428
2026 5e-9_10_5 020 0 0 71 307 390
2026 5e-9_10_5 015 0 0 79 343 433
2026 5e-9_10_5 017 0 0 71 333 418
2026 5e-9_10_5 018 0 0 72 333 418
2026 5e-9_10_5 016 0 0 77 339 430
2026 5e-9_10_5 019 0 0 100 324 436
2026 5e-9_10_5 021 0 0 99 321 432
2026 5e-9_10_5 023 0 0 102 301 418
2026 5e-9_10_5 022 0 0 102 344 459
2026 5e-9_10_5 025 0 0 94 318 423
2026 5e-9_10_5 027 0 0 98 309 420
2026 5e-9_10_5 024 0 0 122 341 474
2026 5e-9_10_5 026 0 0 107 347 467
2026 5e-9_10_5 028 0 0 105 321 438
2026 5e-9_10_5 029 0 0 103 328 446
2026 5e-9_10_5 031 0 0 70 312 408
2026 5e-9_10_5 030 0 0 110 331 467
2026 5e-9_10_5 032 0 0 79 323 425
2026 5e-9_10_5 033 0 0 82 314 423
2026 5e-9_10_5 035 0 0 107 312 448
2026 5e-9_10_10 002 0 0 90 324 449
2026 5e-9_10_10 004 0 0 74 303 412
2026 5e-9_10_5 034 0 0 118 326 473
2026 5e-9_10_10 001 0 0 91 344 469
2026 5e-9_10_10 003 0 0 91 347 474
2026 5e-9_10_10 005 0 0 88 334 458
2026 5e-9_10_10 006 0 0 88 342 462
2026 5e-9_10_10 008 0 0 73 320 406
2026 5e-9_10_10 009 0 0 72 329 414
2026 5e-9_10_10 007 0 0 78 373 461
2026 5e-9_10_10 012 0 0 68 313 393
2026 5e-9_10_10 010 0 0 78 318 408
2026 5e-9_10_10 011 0 0 77 335 424
2026 5e-9_10_10 014 0 0 71 298 381
2026 5e-9_10_10 013 0 0 75 340 427
2026 5e-9_10_10 015 0 0 75 345 432
2026 5e-9_10_10 016 0 0 78 340 430
2026 5e-9_10_10 020 0 0 69 306 388
2026 5e-9_10_10 017 0 0 74 334 420
2026 5e-9_10_10 018 0 0 71 334 418
2026 5e-9_10_10 021 0 0 94 321 428
2026 5e-9_10_10 019 0 0 98 326 437
2026 5e-9_10_10 023 0 0 101 303 417
2026 5e-9_10_10 022 0 0 102 348 463
2026 5e-9_10_10 024 0 0 107 343 464
2026 5e-9_10_10 025 0 0 96 321 428
2026 5e-9_10_10 027 0 0 97 310 418
2026 5e-9_10_10 028 0 0 99 325 439
2026 5e-9_10_10 029 0 0 97 331 441
2026 5e-9_10_10 026 0 0 106 349 467
2026 5e-9_10_10 030 0 0 99 332 442
2026 5e-9_10_10 031 0 0 65 313 389
2026 5e-9_10_10 032 0 0 66 322 402
2026 5e-9_10_10 033 0 0 68 315 394
2026 5e-9_10_10 035 0 0 92 313 417
2026 5e-9_10_10 034 0 0 91 325 429
2026 5e-9_10_12 004 0 0 71 302 385
2026 5e-9_10_12 002 0 0 70 326 409
2026 5e-9_10_12 001 0 0 75 345 432
2026 5e-9_10_12 003 0 0 72 349 440
2026 5e-9_10_12 005 0 0 74 335 421
2026 5e-9_10_12 006 0 0 74 340 426
2026 5e-9_10_12 008 0 0 72 321 404
2026 5e-9_10_12 007 0 0 83 373 468
2026 5e-9_10_12 009 0 0 73 329 413
2026 5e-9_10_12 010 0 0 75 317 403
2026 5e-9_10_12 012 0 0 71 314 397
2026 5e-9_10_12 011 0 0 73 336 421
2026 5e-9_10_12 014 0 0 69 298 384
2026 5e-9_10_12 013 0 0 72 340 425
2026 5e-9_10_12 015 0 0 74 344 431
2026 5e-9_10_12 016 0 0 79 339 429
2026 5e-9_10_12 020 0 0 75 307 394
2026 5e-9_10_12 017 0 0 75 333 421
2026 5e-9_10_12 018 0 0 75 332 425
2026 5e-9_10_12 019 0 0 107 324 443
2026 5e-9_10_12 021 0 0 98 322 432
2026 5e-9_10_12 023 0 0 102 303 417
2026 5e-9_10_12 022 0 0 102 347 464
2026 5e-9_10_12 024 0 0 113 340 465
2026 5e-9_10_12 025 0 0 93 320 424
2026 5e-9_10_12 027 0 0 97 312 421
2026 5e-9_10_12 031 0 0 62 313 390
2026 5e-9_10_12 026 0 0 102 349 465
2026 5e-9_10_12 028 0 0 106 324 441
2026 5e-9_10_12 032 0 0 61 322 396
2026 5e-9_10_12 029 0 0 97 329 444
2026 5e-9_10_12 030 0 0 100 331 443
2026 5e-9_10_12 033 0 0 68 313 393
2026 5e-9_10_12 034 0 0 94 326 431
2026 5e-9_10_12 035 0 0 95 312 419
2026 5e-9_10_15 002 0 0 72 326 410
2026 5e-9_10_15 004 0 0 78 303 395
2026 5e-9_10_15 001 0 0 81 345 439
2026 5e-9_10_15 003 0 0 85 348 447
2026 5e-9_10_15 005 0 0 82 334 441
2026 5e-9_10_15 006 0 0 82 342 439
2026 5e-9_10_15 008 0 0 71 321 402
2026 5e-9_10_15 007 0 0 79 374 476
2026 5e-9_10_15 009 0 0 73 330 413
2026 5e-9_10_15 010 0 0 74 318 403
2026 5e-9_10_15 012 0 0 68 316 396
2026 5e-9_10_15 014 0 0 73 299 387
2026 5e-9_10_15 011 0 0 69 336 419
2026 5e-9_10_15 013 0 0 72 341 426
2026 5e-9_10_15 015 0 0 74 344 434
2026 5e-9_10_15 016 0 0 76 340 438
2026 5e-9_10_15 017 0 0 72 333 416
2026 5e-9_10_15 018 0 0 70 334 416
2026 5e-9_10_15 020 0 0 72 306 391
2026 5e-9_10_15 019 0 0 100 324 435
2026 5e-9_10_15 021 0 0 91 322 425
2026 5e-9_10_15 023 0 0 100 303 415
2026 5e-9_10_15 022 0 0 104 347 466
2026 5e-9_10_15 024 0 0 110 342 463
2026 5e-9_10_15 025 0 0 95 320 426
2026 5e-9_10_15 031 0 0 60 311 383
2026 5e-9_10_15 027 0 0 96 311 418
2026 5e-9_10_15 028 0 0 97 323 432
2026 5e-9_10_15 032 0 0 60 322 394
2026 5e-9_10_15 029 0 0 95 329 435
2026 5e-9_10_15 026 0 0 101 347 461
2026 5e-9_10_15 030 0 0 96 331 439
2026 5e-9_10_15 033 0 0 63 314 390
2026 5e-9_10_15 034 0 0 97 325 434
2026 5e-9_10_20 002 0 0 66 324 403
2026 5e-9_10_15 035 0 0 92 311 414
2026 5e-9_10_20 004 0 0 70 301 383
2026 5e-9_10_20 001 0 0 77 344 432
2026 5e-9_10_20 003 0 0 77 347 436
2026 5e-9_10_20 005 0 0 74 334 421
2026 5e-9_10_20 006 0 0 74 342 428
2026 5e-9_10_20 008 0 0 70 320 402
2026 5e-9_10_20 010 0 0 74 317 402
2026 5e-9_10_20 009 0 0 73 329 417
2026 5e-9_10_20 007 0 0 82 372 467
2026 5e-9_10_20 012 0 0 70 313 394
2026 5e-9_10_20 014 0 0 66 299 386
2026 5e-9_10_20 011 0 0 75 334 422
2026 5e-9_10_20 013 0 0 71 340 425
2026 5e-9_10_20 015 0 0 72 344 429
2026 5e-9_10_20 016 0 0 78 338 430
2026 5e-9_10_20 017 0 0 74 333 419
2026 5e-9_10_20 020 0 0 71 306 389
2026 5e-9_10_20 018 0 0 73 333 428
2026 5e-9_10_20 019 0 0 103 325 441
2026 5e-9_10_20 021 0 0 98 321 430
2026 5e-9_10_20 022 0 0 101 347 460
2026 5e-9_10_20 023 0 0 101 302 414
2026 5e-9_10_20 024 0 0 113 341 465
2026 5e-9_10_20 025 0 0 94 320 426
2026 5e-9_10_20 031 0 0 64 313 390
2026 5e-9_10_20 027 0 0 96 311 419
2026 5e-9_10_20 028 0 0 102 323 436
2026 5e-9_10_20 032 0 0 60 323 395
2026 5e-9_10_20 029 0 0 97 330 439
2026 5e-9_10_20 026 0 0 103 347 462
2026 5e-9_10_20 033 0 0 65 314 391
2026 5e-9_10_20 030 0 0 97 332 441
2026 5e-9_10_20 034 0 0 87 325 425
2026 5e-9_10_20 035 0 0 89 311 411
2071 5e-9_10_5 002 0 0 69 287 369
2071 5e-9_10_5 001 0 0 78 317 406
2071 5e-9_10_5 003 0 0 69 316 396
2071 5e-9_10_5 004 0 0 67 322 400
2071 5e-9_10_5 005 0 0 68 298 377
2071 5e-9_10_5 006 0 0 73 315 399
2071 5e-9_10_5 007 0 0 69 288 367
2071 5e-9_10_5 008 0 0 69 289 368
2071 5e-9_10_5 012 0 0 64 291 367
2071 5e-9_10_5 009 0 0 77 323 412
2071 5e-9_10_5 015 0 0 69 297 381
2071 5e-9_10_5 014 0 0 67 306 386
2071 5e-9_10_5 016 0 0 69 304 384
2071 5e-9_10_5 010 0 0 79 335 426
2071 5e-9_10_5 013 0 0 70 322 405
2071 5e-9_10_5 011 0 0 73 329 414
2071 5e-9_10_5 017 0 0 73 310 395
2071 5e-9_10_5 020 0 0 66 284 360
2071 5e-9_10_5 019 0 0 87 288 389
2071 5e-9_10_5 018 0 0 76 325 413
2071 5e-9_10_5 021 0 0 99 316 426
2071 5e-9_10_5 022 0 0 95 311 419
2071 5e-9_10_5 023 0 0 95 306 414
2071 5e-9_10_5 024 0 0 97 304 411
2071 5e-9_10_5 025 0 0 102 326 438
2071 5e-9_10_5 026 0 0 102 326 444
2071 5e-9_10_5 031 0 0 64 291 373
2071 5e-9_10_5 032 0 0 66 304 383
2071 5e-9_10_5 033 0 0 60 304 376
2071 5e-9_10_5 034 0 0 89 285 386
2071 5e-9_10_5 028 0 0 91 316 418
2071 5e-9_10_5 027 0 0 97 323 433
2071 5e-9_10_5 029 0 0 101 320 439
2071 5e-9_10_5 030 0 0 94 326 439
2071 5e-9_10_10 002 0 0 71 286 369
2071 5e-9_10_5 035 0 0 98 308 419
2071 5e-9_10_10 001 0 0 74 317 402
2071 5e-9_10_10 003 0 0 69 315 395
2071 5e-9_10_10 005 0 0 71 299 382
2071 5e-9_10_10 004 0 0 64 323 407
2071 5e-9_10_10 006 0 0 71 315 397
2071 5e-9_10_10 007 0 0 68 288 368
2071 5e-9_10_10 008 0 0 69 289 370
2071 5e-9_10_10 012 0 0 69 290 371
2071 5e-9_10_10 009 0 0 77 323 412
2071 5e-9_10_10 015 0 0 68 297 380
2071 5e-9_10_10 010 0 0 79 335 426
2071 5e-9_10_10 014 0 0 69 306 394
2071 5e-9_10_10 011 0 0 76 330 422
2071 5e-9_10_10 013 0 0 71 322 411
2071 5e-9_10_10 016 0 0 69 304 386
2071 5e-9_10_10 017 0 0 72 311 396
2071 5e-9_10_10 020 0 0 68 285 364
2071 5e-9_10_10 019 0 0 82 289 383
2071 5e-9_10_10 018 0 0 75 325 415
2071 5e-9_10_10 021 0 0 102 318 432
2071 5e-9_10_10 022 0 0 95 310 417
2071 5e-9_10_10 023 0 0 97 306 414
2071 5e-9_10_10 024 0 0 92 305 408
2071 5e-9_10_10 025 0 0 96 324 431
2071 5e-9_10_10 026 0 0 101 326 443
2071 5e-9_10_10 031 0 0 63 291 366
2071 5e-9_10_10 032 0 0 63 303 378
2071 5e-9_10_10 028 0 0 88 314 414
2071 5e-9_10_10 033 0 0 58 304 375
2071 5e-9_10_10 027 0 0 94 323 430
2071 5e-9_10_10 034 0 0 88 284 387
2071 5e-9_10_10 029 0 0 104 322 437
2071 5e-9_10_12 002 0 0 66 287 368
2071 5e-9_10_10 030 0 0 96 327 435
2071 5e-9_10_10 035 0 0 94 309 417
2071 5e-9_10_12 001 0 0 70 317 402
2071 5e-9_10_12 003 0 0 71 315 399
2071 5e-9_10_12 004 0 0 66 322 400
2071 5e-9_10_12 005 0 0 72 299 386
2071 5e-9_10_12 007 0 0 70 287 366
2071 5e-9_10_12 006 0 0 71 315 397
2071 5e-9_10_12 008 0 0 68 292 371
2071 5e-9_10_12 012 0 0 70 301 387
2071 5e-9_10_12 009 0 0 72 330 431
2071 5e-9_10_12 015 0 0 73 302 389
2071 5e-9_10_12 014 0 0 65 315 413
2071 5e-9_10_12 010 0 0 79 342 442
2071 5e-9_10_12 011 0 0 72 332 424
2071 5e-9_10_12 016 0 0 67 310 391
2071 5e-9_10_12 013 0 0 71 336 432
2071 5e-9_10_12 017 0 0 72 316 401
2071 5e-9_10_12 020 0 0 65 289 379
2071 5e-9_10_12 019 0 0 92 294 398
2071 5e-9_10_12 018 0 0 80 332 430
2071 5e-9_10_12 021 0 0 99 321 435
2071 5e-9_10_12 022 0 0 96 318 426
2071 5e-9_10_12 023 0 0 100 303 415
2071 5e-9_10_12 024 0 0 105 303 429
2071 5e-9_10_12 025 0 0 100 332 444
2071 5e-9_10_12 026 0 0 93 324 448
2071 5e-9_10_12 031 0 0 65 291 369
2071 5e-9_10_12 033 0 0 58 304 379
2071 5e-9_10_12 028 0 0 88 316 415
2071 5e-9_10_12 032 0 0 64 304 389
2071 5e-9_10_12 034 0 0 83 285 387
2071 5e-9_10_12 027 0 0 93 323 433
2071 5e-9_10_15 002 0 0 74 287 381
2071 5e-9_10_12 029 0 0 102 322 435
2071 5e-9_10_15 001 0 0 69 319 401
2071 5e-9_10_12 030 0 0 97 328 437
2071 5e-9_10_12 035 0 0 93 309 416
2071 5e-9_10_15 003 0 0 66 316 404
2071 5e-9_10_15 004 0 0 71 323 406
2071 5e-9_10_15 005 0 0 71 299 383
2071 5e-9_10_15 006 0 0 73 315 401
2071 5e-9_10_15 007 0 0 71 287 369
2071 5e-9_10_15 008 0 0 69 288 368
2071 5e-9_10_15 009 0 0 77 323 412
2071 5e-9_10_15 012 0 0 67 291 369
2071 5e-9_10_15 015 0 0 73 298 386
2071 5e-9_10_15 010 0 0 76 335 423
2071 5e-9_10_15 020 0 0 61 286 363
2071 5e-9_10_15 014 0 0 73 306 397
2071 5e-9_10_15 013 0 0 76 323 413
2071 5e-9_10_15 011 0 0 78 330 421
2071 5e-9_10_15 016 0 0 66 305 398
2071 5e-9_10_15 019 0 0 81 290 394
2071 5e-9_10_15 017 0 0 80 311 405
2071 5e-9_10_15 018 0 0 75 324 416
2071 5e-9_10_15 021 0 0 97 316 429
2071 5e-9_10_15 022 0 0 92 311 416
2071 5e-9_10_15 023 0 0 95 303 412
2071 5e-9_10_15 024 0 0 92 304 409
2071 5e-9_10_15 025 0 0 96 324 432
2071 5e-9_10_15 026 0 0 97 325 437
2071 5e-9_10_15 027 0 0 94 322 427
2071 5e-9_10_15 031 0 0 61 291 364
2071 5e-9_10_15 028 0 0 91 314 418
2071 5e-9_10_15 032 0 0 59 304 384
2071 5e-9_10_15 033 0 0 64 304 387
2071 5e-9_10_15 034 0 0 84 285 389
2071 5e-9_10_20 002 0 0 69 288 385
2071 5e-9_10_15 029 0 0 96 322 435
2071 5e-9_10_15 030 0 0 96 328 436
2071 5e-9_10_20 001 0 0 72 317 417
2071 5e-9_10_15 035 0 0 104 309 434
2071 5e-9_10_20 003 0 0 64 316 409
2071 5e-9_10_20 004 0 0 65 323 400
2071 5e-9_10_20 005 0 0 67 299 377
2071 5e-9_10_20 006 0 0 74 314 400
2071 5e-9_10_20 007 0 0 71 288 370
2071 5e-9_10_20 008 0 0 69 288 371
2071 5e-9_10_20 009 0 0 75 322 409
2071 5e-9_10_20 012 0 0 69 290 369
2071 5e-9_10_20 010 0 0 75 334 429
2071 5e-9_10_20 011 0 0 76 328 417
2071 5e-9_10_20 015 0 0 70 299 388
2071 5e-9_10_20 014 0 0 72 306 398
2071 5e-9_10_20 013 0 0 76 322 409
2071 5e-9_10_20 016 0 0 67 305 395
2071 5e-9_10_20 020 0 0 64 284 364
2071 5e-9_10_20 017 0 0 73 311 400
2071 5e-9_10_20 019 0 0 84 289 393
2071 5e-9_10_20 018 0 0 82 324 423
2071 5e-9_10_20 021 0 0 97 317 430
2071 5e-9_10_20 022 0 0 95 310 429
2071 5e-9_10_20 023 0 0 97 304 412
2071 5e-9_10_20 024 0 0 95 302 417
2071 5e-9_10_20 025 0 0 101 323 436
2071 5e-9_10_20 026 0 0 101 325 442
2071 5e-9_10_20 027 0 0 97 320 430
2071 5e-9_10_20 031 0 0 66 289 367
2071 5e-9_10_20 028 0 0 90 312 414
2071 5e-9_10_20 032 0 0 64 301 376
2071 5e-9_10_20 033 0 0 64 301 376
2071 5e-9_10_20 029 0 0 101 319 439
2071 5e-9_10_20 034 0 0 98 283 393
2071 5e-9_10_20 030 0 0 97 325 433
2071 5e-9_10_20 035 0 0 101 308 429
1990 5e-9_11_5 001 0 0 132 516 684
1990 5e-9_11_5 003 0 0 116 528 684
1990 5e-9_11_5 002 0 0 124 559 725
1990 5e-9_11_5 004 0 0 122 550 700
1990 5e-9_11_5 005 0 0 119 537 685
1990 5e-9_11_5 006 0 0 130 564 718
1990 5e-9_11_5 007 0 0 136 519 684
1990 5e-9_11_5 008 0 0 130 539 707
1990 5e-9_11_5 009 0 0 127 555 713
1990 5e-9_11_5 010 0 0 130 538 713
1990 5e-9_11_5 011 0 0 121 521 663
1990 5e-9_11_5 014 0 0 138 514 681
1990 5e-9_11_5 012 0 0 117 554 699
1990 5e-9_11_5 013 0 0 133 536 701
1990 5e-9_11_5 015 0 0 124 544 697
1990 5e-9_11_5 016 0 0 130 541 701
1990 5e-9_11_5 017 0 0 129 549 714
1990 5e-9_11_5 018 0 0 137 551 720
1990 5e-9_11_5 019 0 0 128 578 740
1990 5e-9_11_5 020 0 0 130 556 721
1990 5e-9_11_5 022 0 0 121 532 683
1990 5e-9_11_5 023 0 0 154 530 713
1990 5e-9_11_5 021 0 0 172 551 753
1990 5e-9_11_5 024 0 0 165 537 733
1990 5e-9_11_5 025 0 0 176 550 760
1990 5e-9_11_5 026 0 0 162 536 721
1990 5e-9_11_5 027 0 0 167 572 770
1990 5e-9_11_5 032 0 0 99 536 664
1990 5e-9_11_5 028 0 0 174 537 740
1990 5e-9_11_5 031 0 0 117 554 697
1990 5e-9_11_5 029 0 0 168 548 746
1990 5e-9_11_5 030 0 0 175 519 727
1990 5e-9_11_5 033 0 0 108 552 689
1990 5e-9_11_5 034 0 0 150 538 722
1990 5e-9_11_10 001 0 0 119 516 674
1990 5e-9_11_5 035 0 0 164 537 743
1990 5e-9_11_10 003 0 0 124 529 674
1990 5e-9_11_10 002 0 0 124 559 715
1990 5e-9_11_10 004 0 0 125 551 696
1990 5e-9_11_10 005 0 0 124 538 694
1990 5e-9_11_10 007 0 0 119 518 667
1990 5e-9_11_10 006 0 0 134 563 726
1990 5e-9_11_10 008 0 0 131 539 701
1990 5e-9_11_10 009 0 0 125 556 712
1990 5e-9_11_10 011 0 0 115 520 667
1990 5e-9_11_10 010 0 0 126 538 695
1990 5e-9_11_10 014 0 0 117 515 664
1990 5e-9_11_10 012 0 0 127 553 710
1990 5e-9_11_10 013 0 0 127 536 691
1990 5e-9_11_10 016 0 0 131 542 706
1990 5e-9_11_10 015 0 0 136 543 713
1990 5e-9_11_10 017 0 0 113 551 699
1990 5e-9_11_10 018 0 0 127 553 721
1990 5e-9_11_10 019 0 0 118 576 729
1990 5e-9_11_10 020 0 0 129 557 714
1990 5e-9_11_10 022 0 0 128 532 689
1990 5e-9_11_10 021 0 0 173 551 756
1990 5e-9_11_10 023 0 0 167 529 725
1990 5e-9_11_10 024 0 0 179 538 753
1990 5e-9_11_10 025 0 0 176 552 765
1990 5e-9_11_10 026 0 0 168 538 736
1990 5e-9_11_10 027 0 0 174 572 778
1990 5e-9_11_10 032 0 0 117 532 688
1990 5e-9_11_10 028 0 0 173 535 738
1990 5e-9_11_10 031 0 0 107 551 699
1990 5e-9_11_10 030 0 0 170 517 723
1990 5e-9_11_10 029 0 0 163 548 746
1990 5e-9_11_10 033 0 0 124 552 717
1990 5e-9_11_10 034 0 0 148 537 725
1990 5e-9_11_12 001 0 0 122 516 678
1990 5e-9_11_10 035 0 0 160 538 738
1990 5e-9_11_12 002 0 0 120 556 707
1990 5e-9_11_12 003 0 0 119 526 677
1990 5e-9_11_12 004 0 0 124 549 703
1990 5e-9_11_12 005 0 0 126 534 684
1990 5e-9_11_12 006 0 0 127 562 718
1990 5e-9_11_12 007 0 0 116 517 661
1990 5e-9_11_12 008 0 0 128 539 693
1990 5e-9_11_12 009 0 0 129 554 716
1990 5e-9_11_12 011 0 0 111 520 660
1990 5e-9_11_12 010 0 0 125 537 686
1990 5e-9_11_12 014 0 0 134 514 684
1990 5e-9_11_12 012 0 0 130 553 714
1990 5e-9_11_12 015 0 0 119 541 695
1990 5e-9_11_12 013 0 0 136 536 709
1990 5e-9_11_12 016 0 0 188 539 760
1990 5e-9_11_12 017 0 0 203 548 786
1990 5e-9_11_12 018 0 0 197 551 788
1990 5e-9_11_12 019 0 0 190 576 805
1990 5e-9_11_12 020 0 0 128 554 794
1990 5e-9_11_12 022 0 0 128 530 679
1990 5e-9_11_12 021 0 0 171 550 750
1990 5e-9_11_12 023 0 0 162 531 721
1990 5e-9_11_12 024 0 0 166 538 735
1990 5e-9_11_12 025 0 0 169 550 754
1990 5e-9_11_12 026 0 0 165 537 728
1990 5e-9_11_12 032 0 0 99 533 669
1990 5e-9_11_12 028 0 0 171 536 737
1990 5e-9_11_12 027 0 0 173 571 771
1990 5e-9_11_12 033 0 0 105 553 696
1990 5e-9_11_12 031 0 0 107 552 697
1990 5e-9_11_12 030 0 0 170 518 718
1990 5e-9_11_12 029 0 0 164 548 747
1990 5e-9_11_12 034 0 0 158 537 729
1990 5e-9_11_15 001 0 0 129 515 677
1990 5e-9_11_12 035 0 0 159 537 742
1990 5e-9_11_15 003 0 0 118 526 667
1990 5e-9_11_15 002 0 0 132 558 718
1990 5e-9_11_15 004 0 0 129 549 701
1990 5e-9_11_15 005 0 0 122 536 684
1990 5e-9_11_15 006 0 0 127 563 722
1990 5e-9_11_15 007 0 0 129 519 674
1990 5e-9_11_15 008 0 0 132 542 704
1990 5e-9_11_15 009 0 0 130 556 715
1990 5e-9_11_15 011 0 0 111 523 674
1990 5e-9_11_15 010 0 0 123 542 689
1990 5e-9_11_15 012 0 0 117 552 702
1990 5e-9_11_15 014 0 0 137 516 695
1990 5e-9_11_15 016 0 0 114 545 693
1990 5e-9_11_15 015 0 0 116 544 700
1990 5e-9_11_15 013 0 0 134 537 711
1990 5e-9_11_15 017 0 0 115 551 697
1990 5e-9_11_15 018 0 0 120 552 696
1990 5e-9_11_15 020 0 0 127 556 709
1990 5e-9_11_15 019 0 0 127 581 741
1990 5e-9_11_15 021 0 0 179 546 757
1990 5e-9_11_15 022 0 0 148 531 710
1990 5e-9_11_15 023 0 0 163 531 758
1990 5e-9_11_15 024 0 0 176 538 743
1990 5e-9_11_15 025 0 0 170 552 742
1990 5e-9_11_15 026 0 0 169 537 730
1990 5e-9_11_15 032 0 0 100 532 662
1990 5e-9_11_15 028 0 0 164 533 724
1990 5e-9_11_15 033 0 0 103 553 681
1990 5e-9_11_15 027 0 0 177 572 794
1990 5e-9_11_15 031 0 0 117 551 706
1990 5e-9_11_15 029 0 0 166 548 743
1990 5e-9_11_15 030 0 0 178 517 731
1990 5e-9_11_15 034 0 0 148 538 717
1990 5e-9_11_20 001 0 0 114 515 645
1990 5e-9_11_15 035 0 0 145 536 700
1990 5e-9_11_20 003 0 0 126 528 689
1990 5e-9_11_20 002 0 0 121 555 700
1990 5e-9_11_20 004 0 0 125 549 703
1990 5e-9_11_20 005 0 0 123 534 677
1990 5e-9_11_20 006 0 0 127 561 714
1990 5e-9_11_20 007 0 0 124 515 670
1990 5e-9_11_20 008 0 0 133 540 703
1990 5e-9_11_20 009 0 0 121 554 704
1990 5e-9_11_20 011 0 0 120 519 665
1990 5e-9_11_20 010 0 0 122 540 695
1990 5e-9_11_20 014 0 0 133 515 680
1990 5e-9_11_20 013 0 0 131 537 699
1990 5e-9_11_20 012 0 0 125 552 707
1990 5e-9_11_20 015 0 0 128 545 706
1990 5e-9_11_20 016 0 0 117 542 691
1990 5e-9_11_20 017 0 0 124 549 708
1990 5e-9_11_20 018 0 0 118 551 702
1990 5e-9_11_20 019 0 0 123 576 726
1990 5e-9_11_20 020 0 0 130 555 708
1990 5e-9_11_20 021 0 0 168 549 738
1990 5e-9_11_20 022 0 0 129 530 701
1990 5e-9_11_20 023 0 0 161 530 712
1990 5e-9_11_20 024 0 0 170 538 727
2026 5e-9_11_5 001 0 0 72 347 431
1990 5e-9_11_20 025 0 0 168 550 740
2026 5e-9_11_5 002 0 0 70 327 411
1990 5e-9_11_20 026 0 0 168 537 729
2026 5e-9_11_5 004 0 0 72 303 387
2026 5e-9_11_5 003 0 0 76 349 437
1990 5e-9_11_20 027 0 0 178 573 774
1990 5e-9_11_20 032 0 0 116 535 692
1990 5e-9_11_20 028 0 0 167 537 748
1990 5e-9_11_20 030 0 0 173 519 723
1990 5e-9_11_20 033 0 0 110 553 694
1990 5e-9_11_20 031 0 0 122 554 718
1990 5e-9_11_20 029 0 0 175 549 755
2026 5e-9_11_5 005 0 0 78 337 426
1990 5e-9_11_20 034 0 0 153 537 714
1990 5e-9_11_20 035 0 0 158 538 733
2026 5e-9_11_5 006 0 0 71 341 422
2026 5e-9_11_5 008 0 0 69 319 402
2026 5e-9_11_5 009 0 0 72 330 413
2026 5e-9_11_5 007 0 0 80 372 464
2026 5e-9_11_5 010 0 0 78 317 407
2026 5e-9_11_5 011 0 0 73 334 421
2026 5e-9_11_5 012 0 0 70 314 398
2026 5e-9_11_5 014 0 0 72 298 382
2026 5e-9_11_5 013 0 0 76 340 427
2026 5e-9_11_5 020 0 0 73 306 392
2026 5e-9_11_5 015 0 0 82 344 437
2026 5e-9_11_5 017 0 0 72 333 421
2026 5e-9_11_5 018 0 0 74 333 427
2026 5e-9_11_5 016 0 0 84 339 439
2026 5e-9_11_5 019 0 0 101 325 448
2026 5e-9_11_5 021 0 0 94 321 435
2026 5e-9_11_5 023 0 0 102 303 419
2026 5e-9_11_5 022 0 0 100 346 461
2026 5e-9_11_5 024 0 0 116 341 469
2026 5e-9_11_5 025 0 0 93 320 426
2026 5e-9_11_5 027 0 0 100 309 420
2026 5e-9_11_5 028 0 0 98 323 434
2026 5e-9_11_5 026 0 0 105 348 464
2026 5e-9_11_5 031 0 0 65 311 388
2026 5e-9_11_5 029 0 0 99 328 439
2026 5e-9_11_5 033 0 0 64 313 388
2026 5e-9_11_5 032 0 0 63 321 398
2026 5e-9_11_5 030 0 0 98 332 450
2026 5e-9_11_5 035 0 0 93 312 417
2026 5e-9_11_10 002 0 0 67 326 411
2026 5e-9_11_10 004 0 0 67 302 387
2026 5e-9_11_5 034 0 0 92 325 432
2026 5e-9_11_10 001 0 0 71 345 430
2026 5e-9_11_10 003 0 0 74 346 433
2026 5e-9_11_10 005 0 0 72 334 424
2026 5e-9_11_10 006 0 0 72 342 427
2026 5e-9_11_10 007 0 0 85 373 475
2026 5e-9_11_10 008 0 0 69 321 411
2026 5e-9_11_10 009 0 0 74 331 423
2026 5e-9_11_10 010 0 0 79 319 409
2026 5e-9_11_10 012 0 0 73 315 403
2026 5e-9_11_10 011 0 0 74 337 423
2026 5e-9_11_10 014 0 0 67 301 389
2026 5e-9_11_10 013 0 0 76 342 434
2026 5e-9_11_10 015 0 0 75 345 439
2026 5e-9_11_10 016 0 0 79 340 437
2026 5e-9_11_10 020 0 0 71 306 388
2026 5e-9_11_10 017 0 0 73 334 421
2026 5e-9_11_10 018 0 0 73 334 422
2026 5e-9_11_10 019 0 0 105 326 443
2026 5e-9_11_10 021 0 0 95 323 434
2026 5e-9_11_10 023 0 0 100 304 418
2026 5e-9_11_10 022 0 0 105 348 465
2026 5e-9_11_10 024 0 0 110 342 464
2026 5e-9_11_10 025 0 0 97 320 429
2026 5e-9_11_10 027 0 0 97 311 419
2026 5e-9_11_10 026 0 0 104 347 472
2026 5e-9_11_10 031 0 0 63 313 388
2026 5e-9_11_10 028 0 0 107 325 444
2026 5e-9_11_10 032 0 0 62 323 400
2026 5e-9_11_10 029 0 0 101 331 447
2026 5e-9_11_10 030 0 0 103 332 446
2026 5e-9_11_10 033 0 0 66 312 389
2026 5e-9_11_10 035 0 0 93 312 417
2026 5e-9_11_12 002 0 0 70 324 406
2026 5e-9_11_10 034 0 0 97 326 435
2026 5e-9_11_12 004 0 0 70 302 383
2026 5e-9_11_12 001 0 0 77 344 433
2026 5e-9_11_12 003 0 0 75 347 435
2026 5e-9_11_12 005 0 0 75 335 423
2026 5e-9_11_12 006 0 0 79 342 432
2026 5e-9_11_12 007 0 0 85 372 478
2026 5e-9_11_12 008 0 0 70 320 400
2026 5e-9_11_12 010 0 0 76 317 405
2026 5e-9_11_12 009 0 0 78 328 417
2026 5e-9_11_12 012 0 0 74 313 399
2026 5e-9_11_12 014 0 0 73 299 389
2026 5e-9_11_12 011 0 0 75 335 422
2026 5e-9_11_12 013 0 0 76 340 431
2026 5e-9_11_12 015 0 0 76 345 434
2026 5e-9_11_12 016 0 0 83 340 438
2026 5e-9_11_12 020 0 0 73 306 393
2026 5e-9_11_12 017 0 0 76 334 423
2026 5e-9_11_12 018 0 0 73 332 422
2026 5e-9_11_12 019 0 0 103 325 445
2026 5e-9_11_12 021 0 0 102 322 435
2026 5e-9_11_12 023 0 0 104 302 419
2026 5e-9_11_12 022 0 0 106 346 464
2026 5e-9_11_12 024 0 0 116 342 469
2026 5e-9_11_12 025 0 0 98 320 429
2026 5e-9_11_12 026 0 0 106 348 467
2026 5e-9_11_12 027 0 0 98 312 421
2026 5e-9_11_12 031 0 0 67 313 392
2026 5e-9_11_12 028 0 0 100 324 438
2026 5e-9_11_12 032 0 0 64 323 399
2026 5e-9_11_12 029 0 0 102 329 443
2026 5e-9_11_12 033 0 0 69 313 394
2026 5e-9_11_12 030 0 0 103 334 449
2026 5e-9_11_12 035 0 0 95 312 418
2026 5e-9_11_12 034 0 0 102 326 441
2026 5e-9_11_15 001 0 0 74 347 433
2026 5e-9_11_15 002 0 0 72 328 422
2026 5e-9_11_15 004 0 0 72 304 390
2026 5e-9_11_15 003 0 0 78 350 440
2026 5e-9_11_15 005 0 0 77 338 428
2026 5e-9_11_15 006 0 0 77 344 432
2026 5e-9_11_15 008 0 0 73 323 407
2026 5e-9_11_15 007 0 0 82 375 472
2026 5e-9_11_15 009 0 0 75 331 418
2026 5e-9_11_15 010 0 0 78 321 411
2026 5e-9_11_15 012 0 0 71 317 399
2026 5e-9_11_15 014 0 0 71 301 385
2026 5e-9_11_15 011 0 0 74 337 424
2026 5e-9_11_15 013 0 0 74 343 431
2026 5e-9_11_15 015 0 0 74 345 433
2026 5e-9_11_15 016 0 0 75 341 429
2026 5e-9_11_15 020 0 0 73 307 393
2026 5e-9_11_15 017 0 0 78 335 426
2026 5e-9_11_15 018 0 0 77 334 427
2026 5e-9_11_15 021 0 0 100 322 435
2026 5e-9_11_15 019 0 0 108 325 445
2026 5e-9_11_15 023 0 0 105 302 420
2026 5e-9_11_15 022 0 0 108 348 468
2026 5e-9_11_15 024 0 0 119 341 472
2026 5e-9_11_15 025 0 0 97 320 428
2026 5e-9_11_15 027 0 0 97 310 418
2026 5e-9_11_15 026 0 0 107 347 466
2026 5e-9_11_15 031 0 0 67 313 392
2026 5e-9_11_15 028 0 0 100 324 437
2026 5e-9_11_15 029 0 0 100 329 441
2026 5e-9_11_15 032 0 0 64 322 397
2026 5e-9_11_15 033 0 0 64 313 389
2026 5e-9_11_15 030 0 0 106 332 450
2026 5e-9_11_15 034 0 0 92 325 428
2026 5e-9_11_15 035 0 0 96 311 418
2026 5e-9_11_20 002 0 0 74 324 412
2026 5e-9_11_20 001 0 0 74 345 431
2026 5e-9_11_20 004 0 0 76 302 391
2026 5e-9_11_20 003 0 0 79 347 446
2026 5e-9_11_20 005 0 0 78 335 425
2026 5e-9_11_20 006 0 0 75 340 427
2026 5e-9_11_20 008 0 0 74 320 405
2026 5e-9_11_20 007 0 0 82 372 471
2026 5e-9_11_20 010 0 0 75 316 403
2026 5e-9_11_20 009 0 0 77 328 416
2026 5e-9_11_20 012 0 0 76 313 400
2026 5e-9_11_20 011 0 0 73 334 419
2026 5e-9_11_20 014 0 0 68 298 380
2026 5e-9_11_20 013 0 0 73 340 437
2026 5e-9_11_20 015 0 0 73 343 428
2026 5e-9_11_20 016 0 0 76 339 428
2026 5e-9_11_20 017 0 0 73 333 421
2026 5e-9_11_20 020 0 0 75 306 397
2026 5e-9_11_20 018 0 0 75 333 420
2026 5e-9_11_20 021 0 0 99 321 438
2026 5e-9_11_20 019 0 0 110 325 446
2026 5e-9_11_20 022 0 0 104 347 462
2026 5e-9_11_20 023 0 0 107 304 422
2026 5e-9_11_20 024 0 0 115 341 470
2026 5e-9_11_20 025 0 0 95 322 428
2026 5e-9_11_20 031 0 0 64 314 389
2026 5e-9_11_20 027 0 0 98 312 421
2026 5e-9_11_20 026 0 0 105 349 465
2026 5e-9_11_20 028 0 0 102 326 439
2026 5e-9_11_20 029 0 0 101 332 445
2026 5e-9_11_20 033 0 0 64 314 390
2026 5e-9_11_20 030 0 0 100 335 447
2026 5e-9_11_20 032 0 0 62 324 400
2026 5e-9_11_20 034 0 0 97 325 435
2071 5e-9_11_5 002 0 0 71 288 370
2026 5e-9_11_20 035 0 0 96 313 422
2071 5e-9_11_5 001 0 0 73 317 403
2071 5e-9_11_5 003 0 0 68 315 401
2071 5e-9_11_5 004 0 0 66 323 403
2071 5e-9_11_5 005 0 0 71 299 380
2071 5e-9_11_5 006 0 0 73 315 398
2071 5e-9_11_5 007 0 0 74 287 372
2071 5e-9_11_5 008 0 0 68 288 366
2071 5e-9_11_5 012 0 0 62 290 367
2071 5e-9_11_5 009 0 0 76 324 413
2071 5e-9_11_5 010 0 0 75 335 423
2071 5e-9_11_5 011 0 0 75 327 415
2071 5e-9_11_5 015 0 0 81 297 400
2071 5e-9_11_5 014 0 0 76 306 404
2071 5e-9_11_5 016 0 0 76 305 407
2071 5e-9_11_5 013 0 0 71 323 411
2071 5e-9_11_5 017 0 0 77 310 399
2071 5e-9_11_5 020 0 0 65 283 365
2071 5e-9_11_5 019 0 0 86 289 387
2071 5e-9_11_5 018 0 0 79 323 415
2071 5e-9_11_5 022 0 0 92 311 417
2071 5e-9_11_5 021 0 0 100 317 430
2071 5e-9_11_5 023 0 0 99 304 413
2071 5e-9_11_5 024 0 0 93 304 408
2071 5e-9_11_5 025 0 0 101 325 438
2071 5e-9_11_5 026 0 0 99 325 436
2071 5e-9_11_5 031 0 0 63 290 364
2071 5e-9_11_5 028 0 0 91 314 416
2071 5e-9_11_5 032 0 0 63 303 378
2071 5e-9_11_5 027 0 0 100 324 436
2071 5e-9_11_5 033 0 0 60 304 376
2071 5e-9_11_5 034 0 0 87 284 383
2071 5e-9_11_5 029 0 0 105 320 436
2071 5e-9_11_5 030 0 0 95 327 434
2071 5e-9_11_10 002 0 0 68 288 372
2071 5e-9_11_10 001 0 0 68 318 405
2071 5e-9_11_10 003 0 0 63 316 394
2071 5e-9_11_5 035 0 0 96 308 419
2071 5e-9_11_10 005 0 0 73 300 391
2071 5e-9_11_10 004 0 0 67 323 406
2071 5e-9_11_10 007 0 0 73 287 382
2071 5e-9_11_10 006 0 0 75 317 403
2071 5e-9_11_10 008 0 0 71 288 369
2071 5e-9_11_10 009 0 0 78 322 424
2071 5e-9_11_10 012 0 0 65 290 371
2071 5e-9_11_10 015 0 0 68 296 377
2071 5e-9_11_10 014 0 0 68 306 387
2071 5e-9_11_10 010 0 0 73 334 420
2071 5e-9_11_10 013 0 0 71 321 407
2071 5e-9_11_10 016 0 0 67 305 383
2071 5e-9_11_10 011 0 0 76 328 418
2071 5e-9_11_10 017 0 0 70 310 404
2071 5e-9_11_10 020 0 0 64 284 360
2071 5e-9_11_10 019 0 0 84 289 384
2071 5e-9_11_10 018 0 0 74 324 410
2071 5e-9_11_10 021 0 0 99 315 426
2071 5e-9_11_10 022 0 0 91 309 411
2071 5e-9_11_10 023 0 0 95 305 411
2071 5e-9_11_10 024 0 0 93 305 409
2071 5e-9_11_10 025 0 0 97 324 433
2071 5e-9_11_10 026 0 0 104 326 443
2071 5e-9_11_10 027 0 0 96 322 429
2071 5e-9_11_10 031 0 0 63 291 365
2071 5e-9_11_10 032 0 0 64 304 380
2071 5e-9_11_10 033 0 0 61 304 377
2071 5e-9_11_10 028 0 0 92 316 419
2071 5e-9_11_10 034 0 0 88 285 385
2071 5e-9_11_10 029 0 0 104 322 437
2071 5e-9_11_10 030 0 0 96 328 435
2071 5e-9_11_12 002 0 0 67 288 369
2071 5e-9_11_12 001 0 0 71 318 401
2071 5e-9_11_10 035 0 0 96 309 417
2071 5e-9_11_12 003 0 0 66 316 395
2071 5e-9_11_12 004 0 0 70 322 404
2071 5e-9_11_12 005 0 0 67 298 379
2071 5e-9_11_12 006 0 0 77 315 403
2071 5e-9_11_12 007 0 0 71 286 368
2071 5e-9_11_12 008 0 0 72 287 370
2071 5e-9_11_12 009 0 0 76 323 410
2071 5e-9_11_12 012 0 0 73 290 374
2071 5e-9_11_12 015 0 0 72 297 385
2071 5e-9_11_12 014 0 0 74 307 393
2071 5e-9_11_12 011 0 0 76 328 415
2071 5e-9_11_12 010 0 0 76 334 421
2071 5e-9_11_12 013 0 0 80 321 412
2071 5e-9_11_12 020 0 0 64 284 360
2071 5e-9_11_12 016 0 0 73 305 392
2071 5e-9_11_12 019 0 0 82 289 383
2071 5e-9_11_12 017 0 0 78 310 402
2071 5e-9_11_12 018 0 0 77 324 414
2071 5e-9_11_12 021 0 0 98 316 427
2071 5e-9_11_12 022 0 0 94 309 414
2071 5e-9_11_12 023 0 0 97 304 418
2071 5e-9_11_12 024 0 0 95 303 409
2071 5e-9_11_12 025 0 0 100 324 435
2071 5e-9_11_12 026 0 0 103 324 442
2071 5e-9_11_12 027 0 0 97 320 428
2071 5e-9_11_12 031 0 0 67 291 374
2071 5e-9_11_12 032 0 0 69 303 384
2071 5e-9_11_12 028 0 0 92 315 418
2071 5e-9_11_12 033 0 0 69 303 385
2071 5e-9_11_15 002 0 0 69 288 370
2071 5e-9_11_12 034 0 0 88 284 388
2071 5e-9_11_12 030 0 0 96 326 434
2071 5e-9_11_12 029 0 0 102 321 443
2071 5e-9_11_15 001 0 0 72 320 405
2071 5e-9_11_12 035 0 0 97 308 420
2071 5e-9_11_15 003 0 0 67 317 397
2071 5e-9_11_15 004 0 0 65 323 400
2071 5e-9_11_15 005 0 0 70 299 381
2071 5e-9_11_15 007 0 0 68 286 364
2071 5e-9_11_15 006 0 0 72 315 398
2071 5e-9_11_15 008 0 0 70 289 372
2071 5e-9_11_15 009 0 0 76 324 412
2071 5e-9_11_15 012 0 0 67 290 375
2071 5e-9_11_15 010 0 0 85 334 432
2071 5e-9_11_15 011 0 0 74 329 416
2071 5e-9_11_15 015 0 0 67 297 381
2071 5e-9_11_15 014 0 0 68 306 394
2071 5e-9_11_15 016 0 0 69 305 386
2071 5e-9_11_15 013 0 0 74 322 406
2071 5e-9_11_15 020 0 0 64 286 370
2071 5e-9_11_15 017 0 0 84 310 406
2071 5e-9_11_15 019 0 0 85 289 394
2071 5e-9_11_15 018 0 0 83 324 427
2071 5e-9_11_15 021 0 0 99 317 437
2071 5e-9_11_15 022 0 0 94 311 418
2071 5e-9_11_15 023 0 0 99 304 415
2071 5e-9_11_15 024 0 0 97 303 415
2071 5e-9_11_15 025 0 0 100 324 436
2071 5e-9_11_15 026 0 0 100 326 442
2071 5e-9_11_15 027 0 0 105 320 436
2071 5e-9_11_15 031 0 0 62 291 365
2071 5e-9_11_15 032 0 0 62 303 377
2071 5e-9_11_15 033 0 0 61 303 376
2071 5e-9_11_15 028 0 0 91 313 415
2071 5e-9_11_15 034 0 0 88 284 388
2071 5e-9_11_15 029 0 0 104 320 435
2071 5e-9_11_15 030 0 0 95 327 433
2071 5e-9_11_20 002 0 0 71 288 385
2071 5e-9_11_15 035 0 0 98 309 419
2071 5e-9_11_20 001 0 0 71 317 410
2071 5e-9_11_20 003 0 0 71 315 402
2071 5e-9_11_20 004 0 0 67 321 401
2071 5e-9_11_20 005 0 0 66 298 379
2071 5e-9_11_20 006 0 0 68 315 395
2071 5e-9_11_20 007 0 0 70 286 371
2071 5e-9_11_20 008 0 0 67 289 366
2071 5e-9_11_20 009 0 0 76 323 411
2071 5e-9_11_20 012 0 0 71 291 372
2071 5e-9_11_20 010 0 0 77 335 424
2071 5e-9_11_20 014 0 0 69 307 392
2071 5e-9_11_20 015 0 0 70 298 380
2071 5e-9_11_20 011 0 0 74 328 413
2071 5e-9_11_20 013 0 0 74 322 411
2071 5e-9_11_20 016 0 0 72 306 391
2071 5e-9_11_20 020 0 0 65 286 363
2071 5e-9_11_20 019 0 0 82 289 397
2071 5e-9_11_20 017 0 0 85 312 414
2071 5e-9_11_20 018 0 0 84 326 428
2071 5e-9_11_20 021 0 0 99 318 429
2071 5e-9_11_20 022 0 0 89 311 412
2071 5e-9_11_20 023 0 0 94 305 412
2071 5e-9_11_20 024 0 0 94 304 411
2071 5e-9_11_20 025 0 0 99 323 435
2071 5e-9_11_20 026 0 0 100 325 440
2071 5e-9_11_20 027 0 0 102 320 434
2071 5e-9_11_20 031 0 0 65 289 366
2071 5e-9_11_20 028 0 0 86 313 413
2071 5e-9_11_20 032 0 0 60 302 387
2071 5e-9_11_20 033 0 0 62 301 374
2071 5e-9_11_20 029 0 0 104 320 435
2071 5e-9_11_20 034 0 0 88 282 381
2071 5e-9_11_20 030 0 0 95 324 435
2071 5e-9_11_20 035 0 0 95 308 415
1990 5e-9_12_5 001 0 0 116 517 666
1990 5e-9_12_5 003 0 0 111 529 670
1990 5e-9_12_5 002 0 0 134 559 717
1990 5e-9_12_5 005 0 0 112 538 678
1990 5e-9_12_5 004 0 0 113 551 687
1990 5e-9_12_5 007 0 0 115 519 663
1990 5e-9_12_5 006 0 0 118 564 706
1990 5e-9_12_5 008 0 0 124 541 691
1990 5e-9_12_5 009 0 0 118 555 706
1990 5e-9_12_5 010 0 0 118 540 677
1990 5e-9_12_5 011 0 0 124 520 665
1990 5e-9_12_5 014 0 0 135 515 674
1990 5e-9_12_5 013 0 0 136 539 704
1990 5e-9_12_5 012 0 0 136 555 721
1990 5e-9_12_5 015 0 0 125 546 700
1990 5e-9_12_5 016 0 0 122 542 700
1990 5e-9_12_5 017 0 0 131 550 712
1990 5e-9_12_5 018 0 0 130 552 716
1990 5e-9_12_5 019 0 0 123 577 727
1990 5e-9_12_5 020 0 0 130 559 717
1990 5e-9_12_5 022 0 0 122 532 681
1990 5e-9_12_5 021 0 0 167 557 743
1990 5e-9_12_5 023 0 0 152 529 714
1990 5e-9_12_5 024 0 0 164 538 725
1990 5e-9_12_5 025 0 0 161 554 742
1990 5e-9_12_5 026 0 0 165 538 723
1990 5e-9_12_5 028 0 0 163 536 725
1990 5e-9_12_5 027 0 0 171 573 782
1990 5e-9_12_5 032 0 0 103 534 661
1990 5e-9_12_5 029 0 0 163 548 738
1990 5e-9_12_5 030 0 0 166 517 704
1990 5e-9_12_5 031 0 0 124 553 699
1990 5e-9_12_5 033 0 0 117 551 702
1990 5e-9_12_10 001 0 0 120 516 665
1990 5e-9_12_5 034 0 0 158 539 720
1990 5e-9_12_5 035 0 0 154 536 721
1990 5e-9_12_10 003 0 0 118 529 668
1990 5e-9_12_10 002 0 0 127 558 708
1990 5e-9_12_10 004 0 0 123 550 696
1990 5e-9_12_10 005 0 0 113 537 675
1990 5e-9_12_10 007 0 0 120 518 660
1990 5e-9_12_10 006 0 0 119 563 705
1990 5e-9_12_10 008 0 0 123 541 706
1990 5e-9_12_10 009 0 0 122 553 696
1990 5e-9_12_10 010 0 0 123 539 682
1990 5e-9_12_10 011 0 0 123 522 670
1990 5e-9_12_10 014 0 0 128 515 667
1990 5e-9_12_10 013 0 0 123 537 691
1990 5e-9_12_10 012 0 0 121 552 703
1990 5e-9_12_10 015 0 0 119 544 690
1990 5e-9_12_10 016 0 0 119 542 695
1990 5e-9_12_10 017 0 0 123 551 703
1990 5e-9_12_10 018 0 0 120 553 702
1990 5e-9_12_10 019 0 0 121 577 724
1990 5e-9_12_10 020 0 0 127 558 705
1990 5e-9_12_10 022 0 0 123 533 676
1990 5e-9_12_10 021 0 0 167 550 737
1990 5e-9_12_10 023 0 0 161 532 712
1990 5e-9_12_10 024 0 0 166 538 730
1990 5e-9_12_10 025 0 0 162 551 735
1990 5e-9_12_10 026 0 0 160 536 718
1990 5e-9_12_10 027 0 0 167 574 761
1990 5e-9_12_10 032 0 0 99 533 658
1990 5e-9_12_10 028 0 0 170 535 731
1990 5e-9_12_10 030 0 0 165 517 708
1990 5e-9_12_10 031 0 0 110 555 692
1990 5e-9_12_10 029 0 0 167 547 740
1990 5e-9_12_10 033 0 0 103 554 682
1990 5e-9_12_12 001 0 0 125 517 669
1990 5e-9_12_10 034 0 0 148 537 708
1990 5e-9_12_10 035 0 0 150 537 718
1990 5e-9_12_12 002 0 0 118 557 698
1990 5e-9_12_12 003 0 0 121 528 669
1990 5e-9_12_12 004 0 0 119 551 694
1990 5e-9_12_12 005 0 0 116 537 674
1990 5e-9_12_12 007 0 0 116 517 661
1990 5e-9_12_12 006 0 0 119 563 710
1990 5e-9_12_12 008 0 0 120 540 691
1990 5e-9_12_12 009 0 0 120 555 700
1990 5e-9_12_12 010 0 0 117 538 675
1990 5e-9_12_12 011 0 0 115 520 654
1990 5e-9_12_12 014 0 0 124 515 663
1990 5e-9_12_12 012 0 0 122 553 696
1990 5e-9_12_12 013 0 0 130 537 695
1990 5e-9_12_12 015 0 0 118 544 687
1990 5e-9_12_12 016 0 0 115 543 686
1990 5e-9_12_12 017 0 0 124 550 704
1990 5e-9_12_12 018 0 0 127 553 710
1990 5e-9_12_12 020 0 0 118 554 696
1990 5e-9_12_12 019 0 0 120 577 730
1990 5e-9_12_12 022 0 0 124 531 682
1990 5e-9_12_12 021 0 0 171 551 754
1990 5e-9_12_12 023 0 0 155 531 710
1990 5e-9_12_12 024 0 0 166 538 723
1990 5e-9_12_12 025 0 0 164 552 742
1990 5e-9_12_12 026 0 0 158 538 726
1990 5e-9_12_12 027 0 0 171 572 770
1990 5e-9_12_12 028 0 0 168 535 728
1990 5e-9_12_12 032 0 0 98 533 670
1990 5e-9_12_12 029 0 0 167 548 747
1990 5e-9_12_12 030 0 0 172 520 724
1990 5e-9_12_12 031 0 0 115 553 709
1990 5e-9_12_12 033 0 0 121 554 714
1990 5e-9_12_12 034 0 0 148 538 718
1990 5e-9_12_15 001 0 0 122 517 668
1990 5e-9_12_12 035 0 0 151 539 720
1990 5e-9_12_15 003 0 0 114 529 677
1990 5e-9_12_15 002 0 0 120 557 714
1990 5e-9_12_15 004 0 0 125 550 694
1990 5e-9_12_15 005 0 0 122 537 679
1990 5e-9_12_15 006 0 0 121 560 706
1990 5e-9_12_15 007 0 0 117 517 663
1990 5e-9_12_15 008 0 0 134 540 697
1990 5e-9_12_15 009 0 0 122 555 711
1990 5e-9_12_15 011 0 0 116 519 657
1990 5e-9_12_15 010 0 0 120 539 685
1990 5e-9_12_15 014 0 0 134 515 679
1990 5e-9_12_15 012 0 0 130 553 708
1990 5e-9_12_15 013 0 0 134 537 705
1990 5e-9_12_15 015 0 0 119 545 694
1990 5e-9_12_15 016 0 0 122 541 693
1990 5e-9_12_15 017 0 0 117 551 704
1990 5e-9_12_15 018 0 0 119 555 710
1990 5e-9_12_15 020 0 0 121 557 715
1990 5e-9_12_15 019 0 0 137 578 745
1990 5e-9_12_15 021 0 0 163 549 739
1990 5e-9_12_15 022 0 0 124 530 685
1990 5e-9_12_15 023 0 0 155 532 721
1990 5e-9_12_15 024 0 0 165 538 722
1990 5e-9_12_15 025 0 0 158 552 742
1990 5e-9_12_15 026 0 0 171 537 730
1990 5e-9_12_15 027 0 0 171 574 770
1990 5e-9_12_15 028 0 0 161 537 725
1990 5e-9_12_15 029 0 0 162 548 737
1990 5e-9_12_15 031 0 0 106 554 692
1990 5e-9_12_15 032 0 0 111 533 678
1990 5e-9_12_15 030 0 0 160 519 711
1990 5e-9_12_15 033 0 0 118 553 699
1990 5e-9_12_20 001 0 0 120 517 661
1990 5e-9_12_15 034 0 0 153 539 724
1990 5e-9_12_15 035 0 0 154 540 723
1990 5e-9_12_20 003 0 0 112 528 661
1990 5e-9_12_20 002 0 0 118 557 698
1990 5e-9_12_20 004 0 0 118 550 689
1990 5e-9_12_20 005 0 0 113 537 685
1990 5e-9_12_20 006 0 0 125 564 714
1990 5e-9_12_20 007 0 0 125 518 664
1990 5e-9_12_20 008 0 0 133 540 699
1990 5e-9_12_20 009 0 0 116 554 707
1990 5e-9_12_20 011 0 0 110 520 650
1990 5e-9_12_20 010 0 0 121 538 679
1990 5e-9_12_20 014 0 0 136 515 672
1990 5e-9_12_20 012 0 0 119 553 697
1990 5e-9_12_20 013 0 0 131 536 696
1990 5e-9_12_20 015 0 0 115 544 699
1990 5e-9_12_20 016 0 0 122 543 697
1990 5e-9_12_20 017 0 0 130 551 713
1990 5e-9_12_20 018 0 0 130 554 719
1990 5e-9_12_20 019 0 0 120 578 731
1990 5e-9_12_20 020 0 0 132 555 709
1990 5e-9_12_20 022 0 0 127 529 684
1990 5e-9_12_20 021 0 0 167 548 740
1990 5e-9_12_20 023 0 0 163 530 714
1990 5e-9_12_20 024 0 0 171 538 739
2026 5e-9_12_5 001 0 0 74 347 434
1990 5e-9_12_20 025 0 0 166 552 757
2026 5e-9_12_5 002 0 0 68 328 417
1990 5e-9_12_20 026 0 0 164 539 730
2026 5e-9_12_5 003 0 0 76 349 437
2026 5e-9_12_5 004 0 0 73 303 388
2026 5e-9_12_5 005 0 0 82 337 432
1990 5e-9_12_20 028 0 0 167 536 729
1990 5e-9_12_20 027 0 0 181 573 777
1990 5e-9_12_20 032 0 0 102 534 672
1990 5e-9_12_20 029 0 0 166 547 741
1990 5e-9_12_20 030 0 0 167 518 705
1990 5e-9_12_20 031 0 0 118 553 706
1990 5e-9_12_20 033 0 0 120 553 707
1990 5e-9_12_20 034 0 0 151 538 715
1990 5e-9_12_20 035 0 0 164 539 728
2026 5e-9_12_5 006 0 0 77 340 430
2026 5e-9_12_5 008 0 0 75 320 407
2026 5e-9_12_5 010 0 0 80 318 409
2026 5e-9_12_5 009 0 0 77 329 420
2026 5e-9_12_5 007 0 0 80 373 465
2026 5e-9_12_5 012 0 0 71 314 397
2026 5e-9_12_5 011 0 0 76 334 422
2026 5e-9_12_5 013 0 0 73 341 427
2026 5e-9_12_5 014 0 0 73 297 381
2026 5e-9_12_5 015 0 0 77 342 430
2026 5e-9_12_5 020 0 0 70 306 398
2026 5e-9_12_5 017 0 0 73 334 419
2026 5e-9_12_5 018 0 0 73 332 417
2026 5e-9_12_5 016 0 0 75 339 428
2026 5e-9_12_5 019 0 0 108 323 444
2026 5e-9_12_5 021 0 0 99 321 432
2026 5e-9_12_5 022 0 0 105 347 464
2026 5e-9_12_5 023 0 0 103 303 418
2026 5e-9_12_5 024 0 0 113 342 477
2026 5e-9_12_5 025 0 0 97 320 429
2026 5e-9_12_5 027 0 0 93 312 417
2026 5e-9_12_5 031 0 0 62 314 388
2026 5e-9_12_5 026 0 0 109 348 469
2026 5e-9_12_5 032 0 0 62 323 396
2026 5e-9_12_5 028 0 0 107 325 444
2026 5e-9_12_5 029 0 0 106 330 448
2026 5e-9_12_5 030 0 0 98 333 443
2026 5e-9_12_5 033 0 0 73 313 398
2026 5e-9_12_10 002 0 0 75 326 416
2026 5e-9_12_5 035 0 0 89 314 432
2026 5e-9_12_10 001 0 0 71 346 442
2026 5e-9_12_5 034 0 0 101 325 447
2026 5e-9_12_10 004 0 0 72 301 385
2026 5e-9_12_10 003 0 0 75 347 435
2026 5e-9_12_10 005 0 0 77 335 425
2026 5e-9_12_10 006 0 0 76 341 430
2026 5e-9_12_10 008 0 0 76 321 410
2026 5e-9_12_10 007 0 0 82 373 468
2026 5e-9_12_10 009 0 0 76 329 418
2026 5e-9_12_10 014 0 0 71 298 380
2026 5e-9_12_10 010 0 0 78 316 407
2026 5e-9_12_10 012 0 0 71 314 396
2026 5e-9_12_10 011 0 0 76 334 422
2026 5e-9_12_10 013 0 0 73 340 426
2026 5e-9_12_10 015 0 0 76 343 433
2026 5e-9_12_10 016 0 0 79 339 430
2026 5e-9_12_10 020 0 0 73 306 391
2026 5e-9_12_10 017 0 0 73 334 420
2026 5e-9_12_10 018 0 0 74 332 418
2026 5e-9_12_10 021 0 0 97 322 431
2026 5e-9_12_10 019 0 0 106 324 441
2026 5e-9_12_10 022 0 0 104 346 462
2026 5e-9_12_10 023 0 0 105 301 418
2026 5e-9_12_10 024 0 0 110 341 474
2026 5e-9_12_10 025 0 0 100 320 431
2026 5e-9_12_10 027 0 0 96 310 417
2026 5e-9_12_10 031 0 0 61 312 387
2026 5e-9_12_10 028 0 0 99 325 437
2026 5e-9_12_10 032 0 0 63 323 397
2026 5e-9_12_10 033 0 0 64 313 388
2026 5e-9_12_10 026 0 0 106 348 469
2026 5e-9_12_10 029 0 0 100 330 442
2026 5e-9_12_10 030 0 0 98 332 442
2026 5e-9_12_10 034 0 0 102 326 439
2026 5e-9_12_12 002 0 0 71 325 407
2026 5e-9_12_10 035 0 0 95 312 422
2026 5e-9_12_12 004 0 0 71 302 385
2026 5e-9_12_12 001 0 0 75 344 430
2026 5e-9_12_12 003 0 0 75 347 434
2026 5e-9_12_12 005 0 0 76 336 424
2026 5e-9_12_12 006 0 0 75 342 435
2026 5e-9_12_12 007 0 0 80 373 470
2026 5e-9_12_12 008 0 0 72 321 405
2026 5e-9_12_12 009 0 0 74 330 416
2026 5e-9_12_12 010 0 0 78 318 407
2026 5e-9_12_12 014 0 0 68 298 381
2026 5e-9_12_12 012 0 0 70 314 395
2026 5e-9_12_12 011 0 0 74 342 427
2026 5e-9_12_12 013 0 0 70 348 431
2026 5e-9_12_12 016 0 0 73 346 432
2026 5e-9_12_12 015 0 0 71 351 435
2026 5e-9_12_12 020 0 0 75 312 398
2026 5e-9_12_12 017 0 0 75 340 427
2026 5e-9_12_12 018 0 0 72 339 429
2026 5e-9_12_12 019 0 0 107 331 450
2026 5e-9_12_12 021 0 0 106 328 446
2026 5e-9_12_12 023 0 0 101 309 421
2026 5e-9_12_12 022 0 0 104 353 470
2026 5e-9_12_12 024 0 0 114 349 474
2026 5e-9_12_12 025 0 0 94 321 427
2026 5e-9_12_12 027 0 0 97 310 417
2026 5e-9_12_12 031 0 0 59 315 387
2026 5e-9_12_12 026 0 0 104 347 463
2026 5e-9_12_12 028 0 0 100 324 444
2026 5e-9_12_12 029 0 0 97 331 445
2026 5e-9_12_12 032 0 0 61 323 396
2026 5e-9_12_12 033 0 0 65 314 391
2026 5e-9_12_12 030 0 0 101 332 445
2026 5e-9_12_12 034 0 0 92 325 429
2026 5e-9_12_12 035 0 0 98 311 420
2026 5e-9_12_15 002 0 0 72 326 410
2026 5e-9_12_15 004 0 0 74 302 388
2026 5e-9_12_15 001 0 0 78 344 433
2026 5e-9_12_15 003 0 0 81 347 445
2026 5e-9_12_15 005 0 0 77 336 425
2026 5e-9_12_15 006 0 0 76 342 430
2026 5e-9_12_15 008 0 0 72 322 404
2026 5e-9_12_15 007 0 0 81 373 468
2026 5e-9_12_15 009 0 0 76 330 417
2026 5e-9_12_15 010 0 0 82 318 412
2026 5e-9_12_15 012 0 0 67 315 397
2026 5e-9_12_15 014 0 0 69 299 394
2026 5e-9_12_15 011 0 0 77 335 424
2026 5e-9_12_15 013 0 0 72 341 430
2026 5e-9_12_15 016 0 0 76 340 429
2026 5e-9_12_15 015 0 0 73 346 432
2026 5e-9_12_15 017 0 0 73 334 423
2026 5e-9_12_15 020 0 0 72 305 388
2026 5e-9_12_15 018 0 0 75 333 421
2026 5e-9_12_15 019 0 0 103 325 440
2026 5e-9_12_15 021 0 0 97 321 430
2026 5e-9_12_15 022 0 0 102 347 461
2026 5e-9_12_15 023 0 0 103 303 417
2026 5e-9_12_15 024 0 0 112 341 464
2026 5e-9_12_15 025 0 0 95 320 431
2026 5e-9_12_15 027 0 0 96 311 417
2026 5e-9_12_15 031 0 0 65 312 389
2026 5e-9_12_15 026 0 0 105 349 472
2026 5e-9_12_15 033 0 0 64 314 390
2026 5e-9_12_15 032 0 0 61 322 394
2026 5e-9_12_15 028 0 0 101 324 436
2026 5e-9_12_15 030 0 0 96 332 442
2026 5e-9_12_15 029 0 0 101 331 444
2026 5e-9_12_15 034 0 0 96 325 432
2026 5e-9_12_15 035 0 0 93 311 416
2026 5e-9_12_20 002 0 0 69 325 405
2026 5e-9_12_20 001 0 0 69 344 426
2026 5e-9_12_20 004 0 0 71 301 384
2026 5e-9_12_20 003 0 0 76 348 436
2026 5e-9_12_20 005 0 0 76 335 422
2026 5e-9_12_20 006 0 0 74 342 428
2026 5e-9_12_20 007 0 0 82 373 475
2026 5e-9_12_20 008 0 0 73 321 406
2026 5e-9_12_20 010 0 0 75 317 404
2026 5e-9_12_20 014 0 0 70 300 382
2026 5e-9_12_20 009 0 0 77 330 418
2026 5e-9_12_20 012 0 0 73 316 401
2026 5e-9_12_20 011 0 0 77 336 425
2026 5e-9_12_20 013 0 0 74 341 429
2026 5e-9_12_20 016 0 0 76 339 432
2026 5e-9_12_20 015 0 0 75 345 436
2026 5e-9_12_20 017 0 0 70 334 418
2026 5e-9_12_20 018 0 0 73 333 421
2026 5e-9_12_20 020 0 0 70 306 388
2026 5e-9_12_20 019 0 0 102 327 440
2026 5e-9_12_20 021 0 0 100 321 433
2026 5e-9_12_20 022 0 0 100 348 461
2026 5e-9_12_20 023 0 0 102 302 416
2026 5e-9_12_20 024 0 0 118 341 471
2026 5e-9_12_20 025 0 0 98 321 430
2026 5e-9_12_20 027 0 0 100 310 421
2026 5e-9_12_20 031 0 0 63 314 389
2026 5e-9_12_20 026 0 0 107 349 468
2026 5e-9_12_20 032 0 0 62 322 395
2026 5e-9_12_20 028 0 0 104 325 441
2026 5e-9_12_20 029 0 0 96 331 442
2026 5e-9_12_20 033 0 0 67 314 399
2026 5e-9_12_20 030 0 0 100 333 444
2071 5e-9_12_5 002 0 0 70 287 369
2071 5e-9_12_5 001 0 0 71 316 399
2026 5e-9_12_20 035 0 0 92 311 416
2026 5e-9_12_20 034 0 0 99 325 437
2071 5e-9_12_5 003 0 0 68 314 393
2071 5e-9_12_5 004 0 0 65 323 400
2071 5e-9_12_5 005 0 0 71 299 382
2071 5e-9_12_5 006 0 0 72 314 399
2071 5e-9_12_5 007 0 0 72 286 368
2071 5e-9_12_5 008 0 0 69 288 367
2071 5e-9_12_5 012 0 0 69 290 370
2071 5e-9_12_5 009 0 0 78 324 414
2071 5e-9_12_5 014 0 0 68 305 388
2071 5e-9_12_5 015 0 0 69 297 382
2071 5e-9_12_5 016 0 0 67 304 384
2071 5e-9_12_5 013 0 0 70 321 417
2071 5e-9_12_5 011 0 0 75 328 419
2071 5e-9_12_5 010 0 0 78 334 436
2071 5e-9_12_5 020 0 0 64 284 372
2071 5e-9_12_5 019 0 0 83 288 391
2071 5e-9_12_5 017 0 0 82 310 405
2071 5e-9_12_5 018 0 0 75 323 419
2071 5e-9_12_5 022 0 0 94 309 415
2071 5e-9_12_5 021 0 0 105 315 431
2071 5e-9_12_5 023 0 0 98 303 412
2071 5e-9_12_5 024 0 0 96 303 411
2071 5e-9_12_5 025 0 0 98 323 433
2071 5e-9_12_5 026 0 0 99 325 437
2071 5e-9_12_5 031 0 0 66 291 369
2071 5e-9_12_5 033 0 0 61 303 376
2071 5e-9_12_5 032 0 0 63 303 382
2071 5e-9_12_5 027 0 0 100 321 432
2071 5e-9_12_5 028 0 0 90 314 415
2071 5e-9_12_5 034 0 0 86 286 384
2071 5e-9_12_10 002 0 0 66 288 367
2071 5e-9_12_5 029 0 0 104 320 436
2071 5e-9_12_5 030 0 0 94 327 433
2071 5e-9_12_10 001 0 0 69 318 401
2071 5e-9_12_5 035 0 0 98 308 420
2071 5e-9_12_10 003 0 0 65 316 393
2071 5e-9_12_10 005 0 0 68 300 379
2071 5e-9_12_10 004 0 0 66 323 401
2071 5e-9_12_10 006 0 0 70 315 397
2071 5e-9_12_10 007 0 0 69 287 368
2071 5e-9_12_10 008 0 0 69 288 367
2071 5e-9_12_10 009 0 0 75 323 409
2071 5e-9_12_10 012 0 0 65 292 368
2071 5e-9_12_10 015 0 0 68 299 379
2071 5e-9_12_10 014 0 0 66 307 388
2071 5e-9_12_10 010 0 0 72 335 420
2071 5e-9_12_10 016 0 0 65 304 381
2071 5e-9_12_10 011 0 0 71 329 413
2071 5e-9_12_10 020 0 0 61 285 359
2071 5e-9_12_10 013 0 0 70 322 408
2071 5e-9_12_10 017 0 0 69 311 394
2071 5e-9_12_10 019 0 0 82 289 384
2071 5e-9_12_10 018 0 0 74 325 413
2071 5e-9_12_10 021 0 0 94 315 422
2071 5e-9_12_10 022 0 0 93 311 419
2071 5e-9_12_10 023 0 0 93 304 412
2071 5e-9_12_10 024 0 0 94 302 407
2071 5e-9_12_10 025 0 0 96 324 432
2071 5e-9_12_10 026 0 0 100 324 435
2071 5e-9_12_10 031 0 0 63 290 372
2071 5e-9_12_10 032 0 0 64 303 381
2071 5e-9_12_10 033 0 0 56 304 374
2071 5e-9_12_10 028 0 0 92 314 418
2071 5e-9_12_10 034 0 0 85 284 382
2071 5e-9_12_10 027 0 0 96 322 432
2071 5e-9_12_12 002 0 0 65 288 373
2071 5e-9_12_10 029 0 0 98 321 435
2071 5e-9_12_12 001 0 0 69 318 401
2071 5e-9_12_10 030 0 0 94 327 433
2071 5e-9_12_10 035 0 0 91 309 421
2071 5e-9_12_12 003 0 0 64 316 393
2071 5e-9_12_12 004 0 0 64 322 398
2071 5e-9_12_12 005 0 0 70 299 380
2071 5e-9_12_12 006 0 0 70 314 396
2071 5e-9_12_12 007 0 0 69 286 366
2071 5e-9_12_12 008 0 0 66 288 365
2071 5e-9_12_12 009 0 0 71 322 403
2071 5e-9_12_12 013 0 0 74 254 339
2071 5e-9_12_12 012 0 0 68 263 342
2071 5e-9_12_12 014 0 0 68 250 332
2071 5e-9_12_12 017 0 0 69 223 305
2071 5e-9_12_12 011 0 0 75 263 348
2071 5e-9_12_12 010 0 0 73 271 360
2071 5e-9_12_12 019 0 0 83 203 300
2071 5e-9_12_12 018 0 0 76 211 302
2071 5e-9_12_12 015 0 0 70 245 328
2071 5e-9_12_12 026 0 0 94 25 131
1990 5e-9_12_5 001 0 0 121 518 676
1990 5e-9_12_5 014 0 0 127 518 683
1990 5e-9_12_5 005 0 0 119 539 696
1990 5e-9_12_5 007 0 0 123 519 697
1990 5e-9_12_5 011 0 0 119 521 697
1990 5e-9_12_5 010 0 0 122 540 700
1990 5e-9_12_5 016 0 0 122 543 703
1990 5e-9_12_5 003 0 0 120 530 707
1990 5e-9_12_5 018 0 0 122 555 716
1990 5e-9_12_5 009 0 0 126 556 720
1990 5e-9_12_5 008 0 0 129 542 727
1990 5e-9_12_5 015 0 0 126 546 728
1990 5e-9_12_5 013 0 0 132 537 728
1990 5e-9_12_5 017 0 0 123 552 730
1990 5e-9_12_5 004 0 0 123 552 731
1990 5e-9_12_5 012 0 0 125 554 736
1990 5e-9_12_5 002 0 0 127 558 742
1990 5e-9_12_5 006 0 0 126 564 749
1990 5e-9_12_5 022 0 0 128 532 699
1990 5e-9_12_5 020 0 0 138 560 729
1990 5e-9_12_5 032 0 0 109 533 690
1990 5e-9_12_5 023 0 0 161 532 731
1990 5e-9_12_5 019 0 0 141 579 756
1990 5e-9_12_10 001 0 0 120 519 686
1990 5e-9_12_5 031 0 0 115 555 718
1990 5e-9_12_5 033 0 0 115 553 718
1990 5e-9_12_5 026 0 0 162 539 744
1990 5e-9_12_5 021 0 0 170 551 757
1990 5e-9_12_5 030 0 0 165 517 729
1990 5e-9_12_5 025 0 0 166 551 761
1990 5e-9_12_5 028 0 0 164 536 748
1990 5e-9_12_5 034 0 0 154 538 740
1990 5e-9_12_5 024 0 0 200 538 779
1990 5e-9_12_5 035 0 0 151 539 738
1990 5e-9_12_5 029 0 0 166 546 762
1990 5e-9_12_5 027 0 0 172 572 790
1990 5e-9_12_10 003 0 0 127 528 689
1990 5e-9_12_10 002 0 0 132 558 724
1990 5e-9_12_10 007 0 0 138 518 695
1990 5e-9_12_10 005 0 0 131 539 703
1990 5e-9_12_10 004 0 0 136 552 722
1990 5e-9_12_10 011 0 0 133 524 700
1990 5e-9_12_10 014 0 0 125 517 687
1990 5e-9_12_10 010 0 0 136 542 720
1990 5e-9_12_10 008 0 0 143 543 726
1990 5e-9_12_10 013 0 0 127 539 708
1990 5e-9_12_10 006 0 0 139 564 741
1990 5e-9_12_10 012 0 0 122 555 722
1990 5e-9_12_10 016 0 0 121 543 711
1990 5e-9_12_10 009 0 0 126 557 742
1990 5e-9_12_10 015 0 0 123 546 715
1990 5e-9_12_10 017 0 0 121 553 720
1990 5e-9_12_10 018 0 0 123 555 724
1990 5e-9_12_10 019 0 0 126 577 733
1990 5e-9_12_10 020 0 0 132 556 717
1990 5e-9_12_10 022 0 0 128 534 693
1990 5e-9_12_10 023 0 0 156 533 719
1990 5e-9_12_10 021 0 0 172 555 755
1990 5e-9_12_10 032 0 0 105 536 688
1990 5e-9_12_10 031 0 0 113 556 707
1990 5e-9_12_12 001 0 0 120 520 683
1990 5e-9_12_10 024 0 0 184 542 756
1990 5e-9_12_10 033 0 0 111 555 713
1990 5e-9_12_10 026 0 0 175 540 750
1990 5e-9_12_10 030 0 0 164 520 745
1990 5e-9_12_10 028 0 0 165 537 746
1990 5e-9_12_10 025 0 0 177 555 766
1990 5e-9_12_10 034 0 0 152 541 739
1990 5e-9_12_10 029 0 0 169 550 763
1990 5e-9_12_10 035 0 0 153 540 738
1990 5e-9_12_12 002 0 0 124 558 713
1990 5e-9_12_10 027 0 0 171 573 788
1990 5e-9_12_12 003 0 0 121 526 677
1990 5e-9_12_12 004 0 0 127 549 707
1990 5e-9_12_12 005 0 0 127 536 694
1990 5e-9_12_12 007 0 0 133 521 690
1990 5e-9_12_12 011 0 0 117 524 681
1990 5e-9_12_12 010 0 0 121 543 703
1990 5e-9_12_12 008 0 0 142 542 719
1990 5e-9_12_12 006 0 0 134 565 732
1990 5e-9_12_12 014 0 0 128 518 691
1990 5e-9_12_12 009 0 0 124 557 719
1990 5e-9_12_12 012 0 0 124 554 719
1990 5e-9_12_12 013 0 0 129 541 715
1990 5e-9_12_12 016 0 0 121 545 710
1990 5e-9_12_12 015 0 0 122 545 727
1990 5e-9_12_12 017 0 0 121 552 717
1990 5e-9_12_12 018 0 0 123 554 723
1990 5e-9_12_12 020 0 0 123 556 724
1990 5e-9_12_12 019 0 0 139 576 760
1990 5e-9_12_12 022 0 0 142 528 704
1990 5e-9_12_12 021 0 0 186 549 765
1990 5e-9_12_12 023 0 0 165 530 727
1990 5e-9_12_12 024 0 0 177 541 749
1990 5e-9_12_12 032 0 0 107 534 686
1990 5e-9_12_12 031 0 0 115 553 712
1990 5e-9_12_12 030 0 0 164 518 724
1990 5e-9_12_12 026 0 0 162 538 739
1990 5e-9_12_15 001 0 0 122 518 685
1990 5e-9_12_12 028 0 0 164 536 741
1990 5e-9_12_12 033 0 0 112 555 712
1990 5e-9_12_12 025 0 0 179 551 769
1990 5e-9_12_12 034 0 0 152 537 735
1990 5e-9_12_12 029 0 0 167 545 773
1990 5e-9_12_12 035 0 0 150 537 735
1990 5e-9_12_12 027 0 0 173 570 786
1990 5e-9_12_15 002 0 0 125 556 713
1990 5e-9_12_15 003 0 0 114 527 687
1990 5e-9_12_15 004 0 0 127 548 708
1990 5e-9_12_15 005 0 0 124 536 707
1990 5e-9_12_15 006 0 0 127 562 724
1990 5e-9_12_15 007 0 0 136 519 687
1990 5e-9_12_15 011 0 0 133 523 697
1990 5e-9_12_15 014 0 0 129 518 690
1990 5e-9_12_15 008 0 0 130 544 726
1990 5e-9_12_15 009 0 0 124 557 715
1990 5e-9_12_15 010 0 0 140 542 723
1990 5e-9_12_15 013 0 0 130 539 714
1990 5e-9_12_15 015 0 0 125 547 714
1990 5e-9_12_15 012 0 0 125 554 724
1990 5e-9_12_15 016 0 0 121 544 711
1990 5e-9_12_15 017 0 0 120 553 722
1990 5e-9_12_15 018 0 0 123 553 724
1990 5e-9_12_15 020 0 0 124 558 717
1990 5e-9_12_15 019 0 0 129 575 754
1990 5e-9_12_15 021 0 0 170 546 752
1990 5e-9_12_15 022 0 0 167 529 739
1990 5e-9_12_15 023 0 0 172 529 743
1990 5e-9_12_15 032 0 0 109 536 695
1990 5e-9_12_15 024 0 0 184 542 771
1990 5e-9_12_15 026 0 0 161 539 746
1990 5e-9_12_15 031 0 0 114 554 720
1990 5e-9_12_15 025 0 0 183 553 780
1990 5e-9_12_20 001 0 0 122 520 674
1990 5e-9_12_15 033 0 0 113 556 719
1990 5e-9_12_15 028 0 0 165 538 750
1990 5e-9_12_15 030 0 0 166 519 738
1990 5e-9_12_15 029 0 0 169 548 766
1990 5e-9_12_20 002 0 0 126 558 718
1990 5e-9_12_15 034 0 0 154 539 744
1990 5e-9_12_15 027 0 0 171 574 794
1990 5e-9_12_20 003 0 0 118 529 697
1990 5e-9_12_15 035 0 0 155 539 745
1990 5e-9_12_20 004 0 0 138 549 723
1990 5e-9_12_20 005 0 0 126 531 692
1990 5e-9_12_20 006 0 0 117 559 725
1990 5e-9_12_20 007 0 0 137 516 693
1990 5e-9_12_20 014 0 0 126 517 684
1990 5e-9_12_20 011 0 0 132 519 697
1990 5e-9_12_20 008 0 0 141 540 720
1990 5e-9_12_20 010 0 0 120 540 704
1990 5e-9_12_20 013 0 0 128 538 709
1990 5e-9_12_20 015 0 0 125 545 713
1990 5e-9_12_20 009 0 0 135 558 735
1990 5e-9_12_20 012 0 0 139 555 737
1990 5e-9_12_20 016 0 0 120 543 707
1990 5e-9_12_20 018 0 0 123 554 724
1990 5e-9_12_20 017 0 0 136 551 734
1990 5e-9_12_20 020 0 0 126 558 731
1990 5e-9_12_20 022 0 0 124 531 701
1990 5e-9_12_20 019 0 0 126 577 751
1990 5e-9_12_20 021 0 0 172 548 766
2026 5e-9_12_5 004 0 0 72 305 403
2026 5e-9_12_5 002 0 0 74 327 429
2026 5e-9_12_5 001 0 0 80 347 455
2026 5e-9_12_5 003 0 0 77 349 454
2026 5e-9_12_5 005 0 0 81 338 446
1990 5e-9_12_20 023 0 0 158 528 718
1990 5e-9_12_20 024 0 0 177 540 745
1990 5e-9_12_20 026 0 0 169 539 737
1990 5e-9_12_20 032 0 0 122 535 698
1990 5e-9_12_20 031 0 0 110 554 703
1990 5e-9_12_20 030 0 0 164 522 726
1990 5e-9_12_20 033 0 0 111 555 710
1990 5e-9_12_20 029 0 0 165 550 752
1990 5e-9_12_20 028 0 0 180 538 755
1990 5e-9_12_20 025 0 0 202 554 801
1990 5e-9_12_20 034 0 0 159 540 744
1990 5e-9_12_20 027 0 0 187 574 798
1990 5e-9_12_20 035 0 0 153 541 737
2026 5e-9_12_5 006 0 0 78 340 435
2026 5e-9_12_5 008 0 0 74 318 408
2026 5e-9_12_5 009 0 0 80 327 421
2026 5e-9_12_5 007 0 0 85 370 468
2026 5e-9_12_5 010 0 0 79 316 411
2026 5e-9_12_5 011 0 0 76 333 428
2026 5e-9_12_5 012 0 0 73 312 400
2026 5e-9_12_5 014 0 0 75 297 401
2026 5e-9_12_5 013 0 0 80 339 440
2026 5e-9_12_5 015 0 0 81 343 438
2026 5e-9_12_5 020 0 0 78 305 403
2026 5e-9_12_5 017 0 0 77 332 429
2026 5e-9_12_5 016 0 0 84 338 441
2026 5e-9_12_5 018 0 0 76 332 430
2026 5e-9_12_5 019 0 0 102 324 455
2026 5e-9_12_5 021 0 0 105 322 444
2026 5e-9_12_5 023 0 0 104 302 426
2026 5e-9_12_5 022 0 0 107 344 476
2026 5e-9_12_5 025 0 0 99 319 439
2026 5e-9_12_5 024 0 0 111 341 465
2026 5e-9_12_5 027 0 0 102 310 431
2026 5e-9_12_5 028 0 0 109 322 450
2026 5e-9_12_5 026 0 0 109 347 473
2026 5e-9_12_5 029 0 0 106 329 454
2026 5e-9_12_5 031 0 0 68 311 392
2026 5e-9_12_5 030 0 0 103 332 457
2026 5e-9_12_5 033 0 0 70 312 398
2026 5e-9_12_5 032 0 0 67 321 405
2026 5e-9_12_10 002 0 0 67 324 410
2026 5e-9_12_5 035 0 0 93 311 421
2026 5e-9_12_10 001 0 0 73 343 434
2026 5e-9_12_10 004 0 0 71 301 391
2026 5e-9_12_5 034 0 0 100 324 446
2026 5e-9_12_10 003 0 0 80 345 443
2026 5e-9_12_10 005 0 0 75 334 428
2026 5e-9_12_10 006 0 0 75 340 431
2026 5e-9_12_10 008 0 0 75 318 411
2026 5e-9_12_10 009 0 0 75 328 416
2026 5e-9_12_10 010 0 0 80 316 415
2026 5e-9_12_10 007 0 0 80 373 473
2026 5e-9_12_10 011 0 0 75 334 425
2026 5e-9_12_10 012 0 0 71 313 401
2026 5e-9_12_10 014 0 0 75 298 390
2026 5e-9_12_10 013 0 0 72 340 428
2026 5e-9_12_10 020 0 0 69 305 388
2026 5e-9_12_10 016 0 0 80 340 433
2026 5e-9_12_10 015 0 0 78 344 442
2026 5e-9_12_10 017 0 0 74 333 420
2026 5e-9_12_10 018 0 0 72 332 422
2026 5e-9_12_10 021 0 0 93 321 430
2026 5e-9_12_10 019 0 0 103 325 446
2026 5e-9_12_10 023 0 0 100 302 418
2026 5e-9_12_10 022 0 0 98 346 456
2026 5e-9_12_10 024 0 0 114 342 468
2026 5e-9_12_10 025 0 0 96 320 430
2026 5e-9_12_10 027 0 0 96 310 420
2026 5e-9_12_10 028 0 0 102 324 438
2026 5e-9_12_10 026 0 0 104 347 465
2026 5e-9_12_10 029 0 0 98 330 443
2026 5e-9_12_10 030 0 0 100 332 446
2026 5e-9_12_10 031 0 0 67 313 399
2026 5e-9_12_10 032 0 0 65 322 401
2026 5e-9_12_10 033 0 0 68 313 393
2026 5e-9_12_10 035 0 0 86 312 412
2026 5e-9_12_12 002 0 0 68 325 406
2026 5e-9_12_10 034 0 0 85 324 424
2026 5e-9_12_12 004 0 0 66 302 387
2026 5e-9_12_12 001 0 0 73 345 435
2026 5e-9_12_12 003 0 0 74 347 436
2026 5e-9_12_12 005 0 0 75 335 425
2026 5e-9_12_12 006 0 0 74 342 429
2026 5e-9_12_12 007 0 0 82 371 473
2026 5e-9_12_12 008 0 0 74 320 407
2026 5e-9_12_12 009 0 0 76 329 418
2026 5e-9_12_12 010 0 0 78 317 407
2026 5e-9_12_12 012 0 0 71 314 398
2026 5e-9_12_12 011 0 0 75 335 425
2026 5e-9_12_12 014 0 0 75 298 386
2026 5e-9_12_12 013 0 0 75 339 428
2026 5e-9_12_12 015 0 0 75 343 431
2026 5e-9_12_12 016 0 0 81 339 434
2026 5e-9_12_12 020 0 0 73 307 398
2026 5e-9_12_12 017 0 0 75 333 427
2026 5e-9_12_12 018 0 0 76 332 430
2026 5e-9_12_12 019 0 0 104 325 449
2026 5e-9_12_12 021 0 0 100 321 437
2026 5e-9_12_12 023 0 0 99 301 413
2026 5e-9_12_12 022 0 0 99 346 458
2026 5e-9_12_12 024 0 0 115 340 469
2026 5e-9_12_12 025 0 0 94 319 427
2026 5e-9_12_12 027 0 0 96 309 419
2026 5e-9_12_12 026 0 0 101 347 461
2026 5e-9_12_12 031 0 0 60 311 391
2026 5e-9_12_12 028 0 0 100 323 436
2026 5e-9_12_12 029 0 0 97 329 442
2026 5e-9_12_12 032 0 0 62 322 396
2026 5e-9_12_12 030 0 0 97 331 445
2026 5e-9_12_12 033 0 0 65 313 390
2026 5e-9_12_12 035 0 0 91 310 414
2026 5e-9_12_12 034 0 0 95 325 433
2026 5e-9_12_15 002 0 0 69 324 412
2026 5e-9_12_15 004 0 0 67 301 389
2026 5e-9_12_15 001 0 0 77 343 432
2026 5e-9_12_15 003 0 0 79 347 438
2026 5e-9_12_15 005 0 0 76 333 421
2026 5e-9_12_15 006 0 0 78 341 434
2026 5e-9_12_15 007 0 0 82 372 475
2026 5e-9_12_15 008 0 0 76 320 417
2026 5e-9_12_15 009 0 0 80 329 427
2026 5e-9_12_15 014 0 0 68 297 390
2026 5e-9_12_15 010 0 0 84 317 435
2026 5e-9_12_15 012 0 0 76 314 413
2026 5e-9_12_15 011 0 0 81 335 440
2026 5e-9_12_15 013 0 0 74 340 441
2026 5e-9_12_15 015 0 0 75 343 434
2026 5e-9_12_15 016 0 0 76 338 430
2026 5e-9_12_15 020 0 0 73 306 400
2026 5e-9_12_15 017 0 0 78 332 435
2026 5e-9_12_15 018 0 0 76 332 433
2026 5e-9_12_15 021 0 0 100 321 441
2026 5e-9_12_15 019 0 0 106 325 455
2026 5e-9_12_15 023 0 0 99 301 425
2026 5e-9_12_15 022 0 0 103 346 466
2026 5e-9_12_15 024 0 0 114 341 484
2026 5e-9_12_15 025 0 0 96 319 433
2026 5e-9_12_15 031 0 0 66 313 399
2026 5e-9_12_15 026 0 0 105 346 471
2026 5e-9_12_15 027 0 0 98 310 425
2026 5e-9_12_15 032 0 0 66 323 407
2026 5e-9_12_15 028 0 0 102 324 446
2026 5e-9_12_15 029 0 0 103 329 450
2026 5e-9_12_15 033 0 0 70 314 406
2026 5e-9_12_15 030 0 0 101 332 456
2026 5e-9_12_15 034 0 0 88 325 434
2026 5e-9_12_15 035 0 0 93 311 422
2026 5e-9_12_20 002 0 0 72 325 414
2026 5e-9_12_20 004 0 0 75 301 395
2026 5e-9_12_20 001 0 0 77 345 437
2026 5e-9_12_20 003 0 0 78 348 445
2026 5e-9_12_20 005 0 0 73 335 430
2026 5e-9_12_20 006 0 0 79 341 440
2026 5e-9_12_20 008 0 0 77 319 411
2026 5e-9_12_20 007 0 0 76 372 474
2026 5e-9_12_20 010 0 0 77 317 413
2026 5e-9_12_20 009 0 0 79 328 422
2026 5e-9_12_20 014 0 0 72 298 392
2026 5e-9_12_20 011 0 0 77 335 431
2026 5e-9_12_20 012 0 0 69 314 400
2026 5e-9_12_20 013 0 0 75 340 434
2026 5e-9_12_20 016 0 0 81 339 436
2026 5e-9_12_20 015 0 0 78 343 438
2026 5e-9_12_20 017 0 0 72 332 420
2026 5e-9_12_20 020 0 0 74 304 391
2026 5e-9_12_20 018 0 0 74 332 420
2026 5e-9_12_20 019 0 0 105 324 448
2026 5e-9_12_20 021 0 0 96 320 434
2026 5e-9_12_20 023 0 0 101 301 416
2026 5e-9_12_20 022 0 0 103 346 464
2026 5e-9_12_20 024 0 0 113 341 465
2026 5e-9_12_20 025 0 0 94 320 427
2026 5e-9_12_20 031 0 0 64 313 391
2026 5e-9_12_20 027 0 0 98 311 420
2026 5e-9_12_20 026 0 0 102 348 466
2026 5e-9_12_20 028 0 0 100 325 437
2026 5e-9_12_20 029 0 0 94 329 440
2026 5e-9_12_20 032 0 0 65 322 407
2026 5e-9_12_20 033 0 0 62 314 396
2026 5e-9_12_20 030 0 0 93 332 454
2026 5e-9_12_20 035 0 0 85 310 415
2026 5e-9_12_20 034 0 0 95 324 435
2071 5e-9_12_5 002 0 0 74 286 372
2071 5e-9_12_5 001 0 0 74 315 402
2071 5e-9_12_5 003 0 0 72 313 402
2071 5e-9_12_5 004 0 0 69 321 403
2071 5e-9_12_5 005 0 0 72 298 381
2071 5e-9_12_5 006 0 0 72 314 403
2071 5e-9_12_5 007 0 0 68 286 366
2071 5e-9_12_5 008 0 0 71 287 370
2071 5e-9_12_5 012 0 0 71 290 377
2071 5e-9_12_5 009 0 0 80 323 426
2071 5e-9_12_5 010 0 0 80 334 432
2071 5e-9_12_5 011 0 0 79 328 422
2071 5e-9_12_5 015 0 0 69 298 387
2071 5e-9_12_5 014 0 0 72 306 396
2071 5e-9_12_5 016 0 0 74 304 395
2071 5e-9_12_5 013 0 0 78 320 421
2071 5e-9_12_5 019 0 0 84 288 384
2071 5e-9_12_5 020 0 0 68 284 364
2071 5e-9_12_5 017 0 0 71 310 402
2071 5e-9_12_5 018 0 0 76 322 416
2071 5e-9_12_5 022 0 0 95 310 418
2071 5e-9_12_5 021 0 0 103 316 433
2071 5e-9_12_5 023 0 0 96 303 410
2071 5e-9_12_5 024 0 0 97 302 421
2071 5e-9_12_5 025 0 0 102 324 438
2071 5e-9_12_5 026 0 0 102 325 444
2071 5e-9_12_5 031 0 0 69 290 377
2071 5e-9_12_5 032 0 0 67 302 383
2071 5e-9_12_5 027 0 0 97 322 430
2071 5e-9_12_5 033 0 0 59 304 389
2071 5e-9_12_5 028 0 0 96 313 423
2071 5e-9_12_5 034 0 0 88 283 389
2071 5e-9_12_10 002 0 0 66 287 372
2071 5e-9_12_5 029 0 0 102 320 437
2071 5e-9_12_5 030 0 0 100 325 441
2071 5e-9_12_10 001 0 0 69 317 403
2071 5e-9_12_10 003 0 0 64 315 397
2071 5e-9_12_5 035 0 0 100 306 425
2071 5e-9_12_10 005 0 0 67 298 379
2071 5e-9_12_10 004 0 0 67 322 401
2071 5e-9_12_10 006 0 0 70 315 398
2071 5e-9_12_10 007 0 0 70 286 368
2071 5e-9_12_10 008 0 0 68 286 368
2071 5e-9_12_10 009 0 0 76 322 408
2071 5e-9_12_10 012 0 0 66 290 373
2071 5e-9_12_10 010 0 0 74 334 420
2071 5e-9_12_10 015 0 0 75 296 389
2071 5e-9_12_10 011 0 0 77 327 420
2071 5e-9_12_10 014 0 0 71 306 405
2071 5e-9_12_10 013 0 0 74 321 411
2071 5e-9_12_10 016 0 0 75 304 403
2071 5e-9_12_10 020 0 0 66 283 373
2071 5e-9_12_10 017 0 0 77 309 411
2071 5e-9_12_10 019 0 0 83 288 393
2071 5e-9_12_10 018 0 0 79 323 427
2071 5e-9_12_10 021 0 0 98 314 432
2071 5e-9_12_10 022 0 0 87 309 419
2071 5e-9_12_10 023 0 0 98 304 419
2071 5e-9_12_10 024 0 0 96 301 417
2071 5e-9_12_10 025 0 0 98 322 434
2071 5e-9_12_10 026 0 0 92 324 445
2071 5e-9_12_10 031 0 0 58 290 368
2071 5e-9_12_10 027 0 0 99 321 440
2071 5e-9_12_10 028 0 0 88 313 421
2071 5e-9_12_10 032 0 0 65 302 385
2071 5e-9_12_10 033 0 0 65 302 392
2071 5e-9_12_10 034 0 0 93 283 390
2071 5e-9_12_12 002 0 0 67 286 374
2071 5e-9_12_10 029 0 0 101 320 433
2071 5e-9_12_10 030 0 0 97 325 433
2071 5e-9_12_12 001 0 0 69 317 403
2071 5e-9_12_10 035 0 0 93 307 416
2071 5e-9_12_12 003 0 0 64 316 393
2071 5e-9_12_12 004 0 0 64 322 401
2071 5e-9_12_12 005 0 0 69 297 378
2071 5e-9_12_12 007 0 0 68 285 364
2071 5e-9_12_12 006 0 0 72 314 398
2071 5e-9_12_12 008 0 0 64 286 368
2071 5e-9_12_12 009 0 0 75 321 413
2071 5e-9_12_12 012 0 0 63 289 374
2071 5e-9_12_12 015 0 0 75 296 387
2071 5e-9_12_12 011 0 0 74 327 416
2071 5e-9_12_12 010 0 0 78 332 428
2071 5e-9_12_12 013 0 0 76 321 411
2071 5e-9_12_12 016 0 0 73 304 393
2071 5e-9_12_12 014 0 0 75 305 408
2071 5e-9_12_12 020 0 0 63 285 367
2071 5e-9_12_12 019 0 0 83 288 390
2071 5e-9_12_12 017 0 0 78 308 413
2071 5e-9_12_12 018 0 0 81 323 428
2071 5e-9_12_12 021 0 0 97 315 431
2071 5e-9_12_12 022 0 0 94 309 421
2071 5e-9_12_12 023 0 0 100 304 415
2071 5e-9_12_12 024 0 0 95 303 415
2071 5e-9_12_12 025 0 0 100 323 439
2071 5e-9_12_12 026 0 0 100 324 443
2071 5e-9_12_12 027 0 0 96 318 427
2071 5e-9_12_12 031 0 0 68 289 371
2071 5e-9_12_12 028 0 0 86 313 421
2071 5e-9_12_12 033 0 0 57 302 379
2071 5e-9_12_12 032 0 0 66 301 387
2071 5e-9_12_12 034 0 0 88 283 388
2071 5e-9_12_15 002 0 0 73 287 383
2071 5e-9_12_12 029 0 0 103 319 439
2071 5e-9_12_15 001 0 0 74 316 409
2071 5e-9_12_12 035 0 0 100 306 423
2071 5e-9_12_12 030 0 0 102 325 446
2071 5e-9_12_15 003 0 0 71 314 405
2071 5e-9_12_15 004 0 0 64 322 407
2071 5e-9_12_15 005 0 0 72 299 383
2071 5e-9_12_15 007 0 0 71 287 370
2071 5e-9_12_15 006 0 0 73 313 400
2071 5e-9_12_15 008 0 0 70 287 367
2071 5e-9_12_15 009 0 0 74 321 410
2071 5e-9_12_15 010 0 0 74 334 425
2071 5e-9_12_15 012 0 0 60 290 377
2071 5e-9_12_15 015 0 0 70 297 385
2071 5e-9_12_15 011 0 0 75 327 416
2071 5e-9_12_15 014 0 0 71 305 397
2071 5e-9_12_15 013 0 0 76 322 414
2071 5e-9_12_15 016 0 0 65 304 391
2071 5e-9_12_15 020 0 0 65 285 379
2071 5e-9_12_15 019 0 0 83 289 391
2071 5e-9_12_15 017 0 0 76 309 412
2071 5e-9_12_15 018 0 0 77 322 417
2071 5e-9_12_15 021 0 0 93 317 429
2071 5e-9_12_15 022 0 0 91 310 416
2071 5e-9_12_15 023 0 0 94 303 416
2071 5e-9_12_15 024 0 0 95 302 412
2071 5e-9_12_15 025 0 0 100 323 437
2071 5e-9_12_15 026 0 0 100 324 445
2071 5e-9_12_15 027 0 0 98 320 434
2071 5e-9_12_15 028 0 0 90 313 417
2071 5e-9_12_15 031 0 0 64 290 381
2071 5e-9_12_15 032 0 0 67 302 382
2071 5e-9_12_15 033 0 0 63 302 384
2071 5e-9_12_15 029 0 0 100 319 432
2071 5e-9_12_15 034 0 0 85 284 389
2071 5e-9_12_20 002 0 0 65 287 370
2071 5e-9_12_15 030 0 0 97 325 438
2071 5e-9_12_15 035 0 0 92 308 415
2071 5e-9_12_20 001 0 0 74 316 408
2071 5e-9_12_20 003 0 0 64 316 400
2071 5e-9_12_20 005 0 0 71 297 382
2071 5e-9_12_20 004 0 0 69 321 403
2071 5e-9_12_20 006 0 0 70 315 398
2071 5e-9_12_20 007 0 0 69 285 369
2071 5e-9_12_20 008 0 0 68 287 368
2071 5e-9_12_20 009 0 0 74 321 412
2071 5e-9_12_20 010 0 0 78 332 428
2071 5e-9_12_20 012 0 0 68 290 373
2071 5e-9_12_20 015 0 0 72 295 383
2071 5e-9_12_20 011 0 0 76 326 418
2071 5e-9_12_20 013 0 0 74 322 412
2071 5e-9_12_20 014 0 0 73 306 399
2071 5e-9_12_20 016 0 0 70 302 384
2071 5e-9_12_20 020 0 0 61 284 367
2071 5e-9_12_20 017 0 0 75 309 406
2071 5e-9_12_20 019 0 0 84 288 396
2071 5e-9_12_20 018 0 0 83 323 420
2071 5e-9_12_20 021 0 0 99 315 438
2071 5e-9_12_20 022 0 0 94 309 422
2071 5e-9_12_20 023 0 0 96 304 422
2071 5e-9_12_20 024 0 0 97 302 419
2071 5e-9_12_20 025 0 0 93 322 445
2071 5e-9_12_20 026 0 0 96 323 435
2071 5e-9_12_20 027 0 0 98 317 426
2071 5e-9_12_20 028 0 0 91 306 409
2071 5e-9_12_20 031 0 0 60 281 370
2071 5e-9_12_20 032 0 0 65 294 379
2071 5e-9_12_20 033 0 0 58 294 380
2071 5e-9_12_20 029 0 0 100 312 424
2071 5e-9_12_20 034 0 0 90 275 381
2071 5e-9_12_20 030 0 0 98 315 428
2071 5e-9_12_20 035 0 0 93 296 406
1990 5e-9_10_30 011 0 0 133 524 701
1990 5e-9_10_30 007 0 0 141 520 703
1990 5e-9_10_30 014 0 0 144 517 705
1990 5e-9_10_30 003 0 0 134 531 723
1990 5e-9_10_30 010 0 0 141 542 726
1990 5e-9_10_30 001 0 0 165 519 729
1990 5e-9_10_30 005 0 0 136 539 733
1990 5e-9_10_30 008 0 0 146 543 734
1990 5e-9_10_30 016 0 0 147 544 735
1990 5e-9_10_30 012 0 0 142 556 741
1990 5e-9_10_30 004 0 0 145 553 743
1990 5e-9_10_30 017 0 0 149 555 747
1990 5e-9_10_30 002 0 0 144 559 748
1990 5e-9_10_30 015 0 0 139 546 752
1990 5e-9_10_30 013 0 0 147 538 757
1990 5e-9_10_30 006 0 0 141 564 770
1990 5e-9_10_30 009 0 0 142 559 770
1990 5e-9_10_30 018 0 0 143 556 770
2026 5e-9_10_30 001 0 0 84 345 462
1990 5e-9_10_30 020 0 0 134 557 724
1990 5e-9_10_30 022 0 0 152 534 723
1990 5e-9_10_30 019 0 0 140 579 749
1990 5e-9_10_30 032 0 0 123 537 713
1990 5e-9_10_30 021 0 0 177 554 766
1990 5e-9_10_30 023 0 0 173 534 746
1990 5e-9_10_30 031 0 0 127 555 734
1990 5e-9_10_30 026 0 0 171 540 756
1990 5e-9_10_30 033 0 0 126 556 734
1990 5e-9_10_30 024 0 0 186 541 767
1990 5e-9_10_30 030 0 0 178 521 752
1990 5e-9_10_30 029 0 0 175 551 776
1990 5e-9_10_30 028 0 0 181 537 781
1990 5e-9_10_30 025 0 0 189 552 792
1990 5e-9_10_30 034 0 0 174 538 763
1990 5e-9_10_30 035 0 0 175 540 765
1990 5e-9_10_30 027 0 0 180 575 801
2026 5e-9_10_30 002 0 0 68 322 415
2026 5e-9_10_30 004 0 0 76 302 397
2026 5e-9_10_30 003 0 0 80 346 438
2026 5e-9_10_30 005 0 0 83 337 441
2026 5e-9_10_30 008 0 0 78 322 424
2026 5e-9_10_30 006 0 0 81 343 444
2026 5e-9_10_30 009 0 0 78 332 438
2026 5e-9_10_30 012 0 0 77 316 424
2026 5e-9_10_30 010 0 0 89 321 438
2026 5e-9_10_30 014 0 0 79 301 418
2026 5e-9_10_30 011 0 0 80 340 448
2026 5e-9_10_30 013 0 0 85 342 460
2026 5e-9_10_30 007 0 0 92 374 496
2026 5e-9_10_30 017 0 0 82 335 451
2026 5e-9_10_30 015 0 0 82 346 464
2026 5e-9_10_30 018 0 0 85 335 453
2026 5e-9_10_30 016 0 0 89 340 468
2026 5e-9_10_30 019 0 0 109 324 473
2026 5e-9_10_30 020 0 0 80 304 400
2026 5e-9_10_30 021 0 0 103 321 436
2026 5e-9_10_30 023 0 0 108 302 429
2026 5e-9_10_30 022 0 0 106 346 464
2026 5e-9_10_30 027 0 0 101 312 443
2026 5e-9_10_30 025 0 0 108 320 455
2026 5e-9_10_30 031 0 0 68 315 414
2026 5e-9_10_30 024 0 0 122 344 486
2026 5e-9_10_30 028 0 0 106 326 460
2026 5e-9_10_30 032 0 0 68 324 428
2026 5e-9_10_30 033 0 0 77 314 419
2026 5e-9_10_30 026 0 0 109 350 486
2071 5e-9_10_30 002 0 0 76 288 397
2026 5e-9_10_30 029 0 0 106 331 471
2026 5e-9_10_30 030 0 0 103 333 470
2071 5e-9_10_30 001 0 0 80 318 432
2026 5e-9_10_30 035 0 0 104 313 448
2026 5e-9_10_30 034 0 0 107 326 465
2071 5e-9_10_30 003 0 0 74 316 422
2071 5e-9_10_30 004 0 0 75 324 411
2071 5e-9_10_30 005 0 0 75 300 394
2071 5e-9_10_30 006 0 0 78 317 415
2071 5e-9_10_30 008 0 0 76 290 383
2071 5e-9_10_30 007 0 0 78 289 387
2071 5e-9_10_30 012 0 0 81 292 403
2071 5e-9_10_30 009 0 0 86 326 436
2071 5e-9_10_30 015 0 0 76 300 403
2071 5e-9_10_30 014 0 0 75 308 411
2071 5e-9_10_30 011 0 0 82 331 434
2071 5e-9_10_30 016 0 0 76 306 419
2071 5e-9_10_30 010 0 0 83 336 447
2071 5e-9_10_30 017 0 0 81 312 429
2071 5e-9_10_30 013 0 0 81 323 439
2071 5e-9_10_30 020 0 0 69 285 394
2071 5e-9_10_30 019 0 0 95 290 416
2071 5e-9_10_30 018 0 0 86 325 448
2071 5e-9_10_30 021 0 0 103 315 456
2071 5e-9_10_30 022 0 0 97 310 426
2071 5e-9_10_30 023 0 0 101 304 424
2071 5e-9_10_30 024 0 0 101 304 417
2071 5e-9_10_30 026 0 0 103 325 452
2071 5e-9_10_30 025 0 0 97 325 454
2071 5e-9_10_30 031 0 0 71 292 398
2071 5e-9_10_30 032 0 0 71 303 406
2071 5e-9_10_30 033 0 0 69 303 406
2071 5e-9_10_30 028 0 0 98 314 442
2071 5e-9_10_30 034 0 0 95 283 414
2071 5e-9_10_30 027 0 0 104 321 463
2071 5e-9_10_30 029 0 0 110 321 460
2071 5e-9_10_30 030 0 0 102 327 460
2071 5e-9_10_30 035 0 0 105 308 448
1990 5e-9_11_30 001 0 0 128 514 687
1990 5e-9_11_30 003 0 0 127 525 698
1990 5e-9_11_30 002 0 0 134 554 745
1990 5e-9_11_30 004 0 0 131 547 732
1990 5e-9_11_30 005 0 0 114 533 692
1990 5e-9_11_30 007 0 0 130 517 680
1990 5e-9_11_30 006 0 0 130 561 719
1990 5e-9_11_30 008 0 0 133 541 719
1990 5e-9_11_30 011 0 0 122 521 696
1990 5e-9_11_30 009 0 0 130 557 732
1990 5e-9_11_30 010 0 0 130 539 717
1990 5e-9_11_30 014 0 0 131 515 692
1990 5e-9_11_30 013 0 0 133 537 715
1990 5e-9_11_30 012 0 0 130 554 738
1990 5e-9_11_30 016 0 0 122 542 710
1990 5e-9_11_30 015 0 0 123 546 727
1990 5e-9_11_30 017 0 0 129 550 734
1990 5e-9_11_30 018 0 0 129 554 725
1990 5e-9_11_30 019 0 0 125 575 733
1990 5e-9_11_30 020 0 0 133 554 727
1990 5e-9_11_30 022 0 0 121 529 680
1990 5e-9_11_30 021 0 0 171 550 750
2026 5e-9_11_30 001 0 0 80 346 462
1990 5e-9_11_30 023 0 0 165 529 718
1990 5e-9_11_30 024 0 0 184 542 760
1990 5e-9_11_30 025 0 0 174 553 767
1990 5e-9_11_30 026 0 0 167 540 749
1990 5e-9_11_30 032 0 0 112 537 703
2026 5e-9_11_30 002 0 0 75 327 418
1990 5e-9_11_30 030 0 0 169 519 738
1990 5e-9_11_30 028 0 0 172 538 761
1990 5e-9_11_30 033 0 0 120 556 718
1990 5e-9_11_30 031 0 0 123 555 734
1990 5e-9_11_30 029 0 0 173 550 774
2026 5e-9_11_30 004 0 0 74 303 390
1990 5e-9_11_30 027 0 0 179 575 802
2026 5e-9_11_30 003 0 0 80 348 441
1990 5e-9_11_30 034 0 0 160 538 757
1990 5e-9_11_30 035 0 0 161 540 747
2026 5e-9_11_30 005 0 0 80 336 435
2026 5e-9_11_30 006 0 0 77 342 434
2026 5e-9_11_30 007 0 0 85 372 479
2026 5e-9_11_30 008 0 0 78 320 410
2026 5e-9_11_30 009 0 0 78 330 420
2026 5e-9_11_30 010 0 0 80 319 411
2026 5e-9_11_30 012 0 0 75 314 403
2026 5e-9_11_30 014 0 0 80 300 400
2026 5e-9_11_30 011 0 0 75 336 425
2026 5e-9_11_30 013 0 0 81 342 441
2026 5e-9_11_30 020 0 0 74 308 416
2026 5e-9_11_30 015 0 0 80 346 457
2026 5e-9_11_30 016 0 0 82 340 454
2026 5e-9_11_30 017 0 0 78 334 444
2026 5e-9_11_30 018 0 0 79 333 447
2026 5e-9_11_30 019 0 0 107 325 466
2026 5e-9_11_30 021 0 0 103 320 457
2026 5e-9_11_30 023 0 0 105 302 430
2026 5e-9_11_30 022 0 0 106 346 487
2026 5e-9_11_30 024 0 0 121 340 473
2026 5e-9_11_30 025 0 0 99 321 434
2026 5e-9_11_30 027 0 0 102 311 426
2026 5e-9_11_30 026 0 0 111 349 474
2026 5e-9_11_30 031 0 0 72 313 401
2026 5e-9_11_30 028 0 0 112 325 451
2026 5e-9_11_30 029 0 0 105 330 449
2026 5e-9_11_30 032 0 0 67 323 415
2026 5e-9_11_30 030 0 0 102 333 464
2071 5e-9_11_30 002 0 0 74 287 391
2026 5e-9_11_30 033 0 0 70 315 418
2071 5e-9_11_30 001 0 0 77 318 427
2026 5e-9_11_30 035 0 0 104 313 447
2026 5e-9_11_30 034 0 0 99 326 457
2071 5e-9_11_30 005 0 0 73 299 400
2071 5e-9_11_30 003 0 0 72 315 417
2071 5e-9_11_30 004 0 0 69 322 422
2071 5e-9_11_30 006 0 0 74 315 416
2071 5e-9_11_30 007 0 0 66 287 365
2071 5e-9_11_30 008 0 0 73 288 374
2071 5e-9_11_30 009 0 0 81 323 417
2071 5e-9_11_30 012 0 0 72 289 381
2071 5e-9_11_30 010 0 0 78 335 432
2071 5e-9_11_30 011 0 0 79 329 424
2071 5e-9_11_30 014 0 0 74 306 403
2071 5e-9_11_30 013 0 0 77 322 418
2071 5e-9_11_30 015 0 0 82 298 400
2071 5e-9_11_30 016 0 0 70 305 403
2071 5e-9_11_30 020 0 0 66 285 382
2071 5e-9_11_30 017 0 0 80 310 422
2071 5e-9_11_30 019 0 0 99 290 404
2071 5e-9_11_30 018 0 0 87 324 440
2071 5e-9_11_30 023 0 0 99 304 436
2071 5e-9_11_30 022 0 0 105 311 451
2071 5e-9_11_30 021 0 0 106 316 456
2071 5e-9_11_30 024 0 0 100 303 429
2071 5e-9_11_30 025 0 0 103 322 442
2071 5e-9_11_30 026 0 0 97 324 450
2071 5e-9_11_30 031 0 0 70 290 374
2071 5e-9_11_30 027 0 0 102 320 434
2071 5e-9_11_30 028 0 0 97 313 422
2071 5e-9_11_30 032 0 0 64 301 393
2071 5e-9_11_30 033 0 0 62 303 389
2071 5e-9_11_30 029 0 0 96 320 438
2071 5e-9_11_30 030 0 0 96 325 438
2071 5e-9_11_30 034 0 0 90 284 401
2071 5e-9_11_30 035 0 0 104 306 442
1990 5e-9_12_30 001 0 0 118 516 688
1990 5e-9_12_30 003 0 0 120 530 702
1990 5e-9_12_30 002 0 0 139 560 741
1990 5e-9_12_30 005 0 0 124 537 709
1990 5e-9_12_30 004 0 0 124 551 720
1990 5e-9_12_30 007 0 0 127 518 694
1990 5e-9_12_30 006 0 0 127 563 740
1990 5e-9_12_30 008 0 0 123 540 710
1990 5e-9_12_30 009 0 0 131 556 722
1990 5e-9_12_30 011 0 0 123 520 686
1990 5e-9_12_30 010 0 0 120 540 696
1990 5e-9_12_30 014 0 0 130 516 695
1990 5e-9_12_30 012 0 0 126 555 731
1990 5e-9_12_30 013 0 0 134 538 722
1990 5e-9_12_30 015 0 0 129 545 722
1990 5e-9_12_30 016 0 0 125 542 722
1990 5e-9_12_30 017 0 0 122 551 725
1990 5e-9_12_30 018 0 0 124 553 732
1990 5e-9_12_30 019 0 0 130 575 740
1990 5e-9_12_30 020 0 0 136 554 725
1990 5e-9_12_30 022 0 0 123 528 683
1990 5e-9_12_30 023 0 0 160 527 731
1990 5e-9_12_30 021 0 0 183 549 766
1990 5e-9_12_30 024 0 0 174 535 754
1990 5e-9_12_30 025 0 0 164 548 762
2026 5e-9_12_30 001 0 0 87 344 465
1990 5e-9_12_30 026 0 0 166 534 743
1990 5e-9_12_30 032 0 0 112 533 692
1990 5e-9_12_30 028 0 0 180 537 760
1990 5e-9_12_30 030 0 0 170 519 732
1990 5e-9_12_30 029 0 0 177 547 766
1990 5e-9_12_30 031 0 0 118 553 718
1990 5e-9_12_30 027 0 0 185 573 801
1990 5e-9_12_30 033 0 0 115 554 720
2026 5e-9_12_30 002 0 0 69 324 403
1990 5e-9_12_30 034 0 0 159 538 751
1990 5e-9_12_30 035 0 0 160 539 752
2026 5e-9_12_30 004 0 0 74 301 391
2026 5e-9_12_30 003 0 0 82 346 448
2026 5e-9_12_30 005 0 0 80 334 434
2026 5e-9_12_30 006 0 0 78 341 441
2026 5e-9_12_30 008 0 0 78 321 415
2026 5e-9_12_30 007 0 0 89 373 485
2026 5e-9_12_30 009 0 0 79 330 424
2026 5e-9_12_30 010 0 0 82 318 416
2026 5e-9_12_30 014 0 0 76 299 392
2026 5e-9_12_30 012 0 0 75 316 412
2026 5e-9_12_30 011 0 0 79 336 429
2026 5e-9_12_30 013 0 0 76 341 441
2026 5e-9_12_30 015 0 0 76 346 449
2026 5e-9_12_30 017 0 0 80 334 435
2026 5e-9_12_30 016 0 0 82 341 453
2026 5e-9_12_30 020 0 0 75 307 415
2026 5e-9_12_30 018 0 0 79 333 438
2026 5e-9_12_30 019 0 0 107 326 464
2026 5e-9_12_30 021 0 0 102 323 459
2026 5e-9_12_30 022 0 0 107 347 468
2026 5e-9_12_30 023 0 0 109 304 429
2026 5e-9_12_30 025 0 0 97 320 433
2026 5e-9_12_30 024 0 0 119 342 478
2026 5e-9_12_30 027 0 0 104 310 429
2026 5e-9_12_30 026 0 0 112 349 484
2026 5e-9_12_30 028 0 0 101 322 451
2026 5e-9_12_30 031 0 0 68 312 393
2026 5e-9_12_30 029 0 0 104 328 448
2026 5e-9_12_30 032 0 0 69 322 412
2026 5e-9_12_30 030 0 0 106 331 453
2026 5e-9_12_30 033 0 0 67 314 408
2071 5e-9_12_30 002 0 0 73 287 393
2026 5e-9_12_30 035 0 0 100 310 437
2026 5e-9_12_30 034 0 0 104 324 456
2071 5e-9_12_30 001 0 0 81 315 428
2071 5e-9_12_30 003 0 0 75 316 407
2071 5e-9_12_30 004 0 0 68 322 407
2071 5e-9_12_30 005 0 0 74 298 389
2071 5e-9_12_30 006 0 0 74 314 403
2071 5e-9_12_30 007 0 0 73 287 375
2071 5e-9_12_30 008 0 0 72 287 372
2071 5e-9_12_30 009 0 0 81 324 424
2071 5e-9_12_30 011 0 0 77 327 425
2071 5e-9_12_30 010 0 0 78 332 430
2071 5e-9_12_30 012 0 0 70 290 383
2071 5e-9_12_30 014 0 0 72 306 398
2071 5e-9_12_30 015 0 0 72 297 398
2071 5e-9_12_30 013 0 0 79 321 414
2071 5e-9_12_30 016 0 0 75 303 402
2071 5e-9_12_30 017 0 0 79 309 409
2071 5e-9_12_30 020 0 0 68 285 382
2071 5e-9_12_30 019 0 0 88 289 405
2071 5e-9_12_30 018 0 0 82 324 430
2071 5e-9_12_30 022 0 0 92 310 431
2071 5e-9_12_30 021 0 0 106 317 452
2071 5e-9_12_30 023 0 0 105 305 439
2071 5e-9_12_30 024 0 0 94 303 430
2071 5e-9_12_30 025 0 0 103 325 455
2071 5e-9_12_30 026 0 0 103 324 450
2071 5e-9_12_30 027 0 0 103 316 433
2071 5e-9_12_30 028 0 0 90 310 431
2071 5e-9_12_30 029 0 0 113 316 453
2071 5e-9_12_30 031 0 0 66 285 385
2071 5e-9_12_30 030 0 0 101 320 445
2071 5e-9_12_30 033 0 0 69 295 392
2071 5e-9_12_30 032 0 0 74 296 398
2071 5e-9_12_30 034 0 0 93 277 397
2071 5e-9_12_30 035 0 0 99 298 424
